0
1
2
3
4
5
6
7
8
10
12
14
16
18
20
22
24
26
28
30
32
35
37
39
41
43
45
47
49
51
53
55
57
60
62
64
65
67
69
71
73
75
77
78
80
82
85
87
89
90
92
94
96
98
100
102
103
105
107
110
112
114
116
118
120
122
124
126
128
130
132
135
137
139
141
143
145
147
149
151
153
155
157
160
162
164
166
168
170
172
174
176
178
180
182
185
187
189
191
193
195
197
199
201
203
205
207
209
211
214
216
218
220
222
224
226
228
230
232
234
236
238
240
243
245
247
249
251
253
255
257
259
261
263
265
268
270
272
274
276
278
280
282
284
286
288
290
292
294
297
299
301
303
305
307
309
311
313
315
317
319
322
324
326
328
330
332
334
336
338
340
342
344
347
349
351
353
355
357
359
361
363
365
367
369
371
373
376
378
380
382
384
386
388
390
392
394
396
398
401
403
405
407
409
411
413
415
417
419
421
423
892
439
441
443
445
447
449
890
465
467
469
471
473
475
888
491
493
495
497
499
501
886
517
519
521
523
525
527
884
543
545
547
549
551
553
882
569
571
573
575
577
579
739
726
702
678
654
630
606
608
610
612
614
616
632
634
636
638
640
656
658
660
662
664
680
670
672
674
676
692
694
696
698
700
716
718
720
722
724
740
742
744
746
748
763
765
766
768
770
772
787
788
790
792
794
796
811
812
814
816
818
820
835
836
838
840
842
844
858
860
862
864
866
868
908
910
912
914
916
918
934
936
938
940
942
944
960
962
964
966
968
970
986
988
990
979
981
983
1012
1014
1003
1005
1007
1009
1038
1027
1029
1031
1033
1035
1052
1053
1055
1057
1059
1061
1076
1078
1080
1082
1084
1086
1100
1102
1104
1106
1108
1110
1124
1126
1128
1130
1132
1134
1148
1150
1152
1154
1156
1158
1172
1174
1176
1178
1180
1182
1196
1198
1200
1202
1204
1206
1231
1255
1279
1303
1327
1351
1233
1235
1237
1239
1241
1257
1259
1261
1263
1265
1281
1283
1285
1287
1289
1305
1307
1309
1311
1313
1329
1331
1333
1335
1337
1353
1355
1357
1359
1349
1377
1379
1381
1383
1385
1387
1544
1403
1405
1407
1409
1411
1413
1568
1429
1431
1433
1435
1437
1439
1592
1455
1457
1459
1461
1463
1465
1616
1481
1483
1485
1487
1489
1491
1640
1507
1509
1511
1513
1515
1517
1664
1830
1828
1826
1824
1822
1820
1677
1546
1548
1550
1552
1554
1570
1572
1574
1576
1578
1594
1596
1598
1600
1602
1618
1620
1610
1612
1614
1642
1632
1634
1636
1638
1654
1656
1658
1660
1662
1678
1680
1682
1684
1686
1701
1703
1704
1706
1708
1710
1725
1726
1728
1730
1732
1734
1749
1750
1752
1754
1756
1758
1773
1774
1776
1778
1780
1782
1796
1798
1800
1802
1804
1806
1862
1864
1866
1868
1870
1872
1874
1876
1878
1880
1882
1884
1886
1888
1920
1922
1924
1926
1928
1930
1932
1934
1936
1938
1940
1942
1944
1946
1978
1980
1982
1984
1986
1988
1990
1992
1994
1996
1998
2000
2002
2004
2036
2038
2040
2042
2044
2046
2048
2050
2052
2054
2056
2058
2060
2062
2094
2096
2098
2100
2102
2104
2106
2108
2110
2112
2114
2116
2118
2120
2152
2154
2156
2158
2160
2162
2164
2166
2168
2170
2172
2174
2176
2178
2210
2212
2214
2216
2218
2220
2222
2224
2226
2228
2230
2232
2234
2236
2268
2270
2272
2274
2276
2278
2280
2282
2284
2286
2288
2290
2292
2294
2326
2328
2330
2332
2334
2336
2338
2340
2342
2344
2346
2348
2350
2352
2384
2386
2388
2390
2392
2394
2396
2398
2400
2402
2404
2406
2408
2410
2442
2444
2446
2448
2450
2452
2454
2456
2458
2460
2462
2464
2466
2468
2500
2502
2504
2506
2508
2510
2512
2514
2516
2518
2520
2522
2524
2526
2587
2589
2591
2593
2595
2597
2599
2601
2603
2605
2607
2609
2611
2613
2645
2647
2649
2651
2653
2655
2657
2659
2661
2663
2665
2667
2669
2671
2703
2705
2707
2709
2711
2713
2715
2717
2719
2721
2723
2725
2727
2729
2761
2763
2765
2767
2769
2771
2773
2775
2777
2779
2781
2783
2785
2787
2819
2821
2823
2825
2827
2829
2831
2833
2835
2837
2839
2841
2843
2845
2877
2879
2881
2883
2885
2887
2889
2891
2893
2895
2897
2899
2901
2903
2935
2937
2939
2941
2943
2945
2947
2949
2951
2953
2955
2957
2959
2961
2993
2995
2997
2999
3001
3003
3005
3007
3009
3011
3013
3015
3017
3019
3051
3053
3055
3057
3059
3061
3063
3065
3067
3069
3071
3073
3075
3077
3109
3111
3113
3115
3117
3119
3121
3123
3125
3127
3129
3131
3133
3135
3167
3169
3171
3173
3175
3177
3179
3181
3183
3185
3187
3189
3191
3193
3225
3227
3229
3231
3233
3235
3237
3239
3241
3243
3245
3247
3249
3251
3474
3296
3298
3300
3302
3304
3306
3498
3322
3324
3326
3328
3330
3332
3522
3348
3350
3352
3354
3356
3358
3546
3374
3376
3378
3380
3382
3384
3570
3400
3402
3404
3406
3408
3410
3594
3426
3428
3430
3432
3434
3436
3605
3750
3748
3746
3744
3742
3740
3464
3466
3468
3470
3472
3488
3490
3492
3494
3496
3512
3514
3516
3518
3520
3524
3526
3528
3530
3544
3548
3550
3552
3554
3568
3572
3574
3576
3578
3580
3596
3598
3600
3602
3604
3620
3622
3624
3626
3628
3629
3644
3646
3648
3650
3652
3653
3668
3670
3672
3674
3676
3678
3692
3694
3696
3698
3700
3702
3716
3718
3720
3722
3724
3726
3781
3783
3785
3787
3789
3791
3793
3795
3797
3799
3801
3803
3805
3807
3839
3841
3843
3845
3847
3849
3851
3853
3855
3857
3859
3861
3863
3865
3897
3899
3901
3903
3905
3907
3909
3911
3913
3915
3917
3919
3921
3923
3955
3957
3959
3961
3963
3965
3967
3969
3971
3973
3975
3977
3979
3981
4013
4015
4017
4019
4021
4023
4025
4027
4029
4031
4033
4035
4037
4039
4071
4073
4075
4077
4079
4081
4083
4085
4087
4089
4091
4093
4095
4097
4129
4131
4133
4135
4137
4139
4141
4143
4145
4147
4149
4151
4153
4155
4187
4189
4191
4193
4195
4197
4199
4201
4203
4205
4207
4209
4211
4213
4245
4247
4249
4251
4253
4255
4257
4259
4261
4263
4265
4267
4269
4271
4303
4305
4307
4309
4311
4313
4315
4317
4319
4321
4323
4325
4327
4329
4361
4363
4365
4367
4369
4371
4373
4375
4377
4379
4381
4383
4385
4387
4419
4421
4423
4425
4427
4429
4431
4433
4435
4437
4439
4441
4443
4445
4506
4508
4510
4512
4514
4516
4518
4520
4522
4524
4526
4528
4530
4532
4564
4566
4568
4570
4572
4574
4576
4578
4580
4582
4584
4586
4588
4590
4622
4624
4626
4628
4630
4632
4634
4636
4638
4640
4642
4644
4646
4648
4680
4682
4684
4686
4688
4690
4692
4694
4696
4698
4700
4702
4704
4706
4738
4740
4742
4744
4746
4748
4750
4752
4754
4756
4758
4760
4762
4764
4796
4798
4800
4802
4804
4806
4808
4810
4812
4814
4816
4818
4820
4822
4854
4856
4858
4860
4862
4864
4866
4868
4870
4872
4874
4876
4878
4880
4912
4914
4916
4918
4920
4922
4924
4926
4928
4930
4932
4934
4936
4938
4970
4972
4974
4976
4978
4980
4982
4984
4986
4988
4990
4992
4994
4996
5028
5030
5032
5034
5036
5038
5040
5042
5044
5046
5048
5050
5052
5054
5086
5088
5090
5092
5094
5096
5098
5100
5102
5104
5106
5108
5110
5112
5144
5146
5148
5150
5152
5154
5156
5158
5160
5162
5164
5166
5168
5170
