v 0.0 -15.0 27.0
v 0.0 0.0 42.0
v -15.0 0.0 27.0
v 15.0 0.0 27.0
v 0.0 15.0 27.0
v -15.0 0.0 0.0
v 0.0 15.0 0.0
v 0.0 -15.0 0.0
v 15.0 0.0 0.0
v -14.8906336 -1.80805016 27.0
v -14.564127 -3.58973503 27.0
v -14.0252438 -5.3190732 27.0
v -13.2818403 -6.97084761 27.0
v -12.344758 -8.5209713 27.0
v -11.2276611 -9.94684029 27.0
v -9.94684029 -11.2276611 27.0
v -8.5209713 -12.344758 27.0
v -6.97084761 -13.2818403 27.0
v -5.3190732 -14.0252438 27.0
v -3.58973503 -14.564127 27.0
v -1.80805016 -14.8906336 27.0
v 0.0 -14.8906336 28.8080502
v 0.0 -14.564127 30.589735
v 0.0 -14.0252438 32.3190727
v 0.0 -13.2818403 33.9708481
v 0.0 -12.344758 35.5209694
v 0.0 -11.2276611 36.9468384
v 0.0 -9.94684029 38.2276611
v 0.0 -8.5209713 39.3447571
v 0.0 -6.97084761 40.2818413
v 0.0 -5.3190732 41.0252419
v 0.0 -3.58973503 41.5641289
v 0.0 -1.80805016 41.8906326
v -1.67946708 0.0 41.9056816
v -3.33781409 0.0 41.6239204
v -4.95418596 0.0 41.1582489
v -6.50825596 0.0 40.514534
v -7.98048115 0.0 39.7008629
v -9.35234737 0.0 38.7274704
v -10.6066017 0.0 37.6066017
v -11.7274723 0.0 36.3523483
v -12.7008629 0.0 34.9804802
v -13.514533 0.0 33.508255
v -14.1582499 0.0 31.9541855
v -14.6239185 0.0 30.3378143
v -14.9056835 0.0 28.6794662
v 1.67946708 0.0 41.9056816
v 3.33781409 0.0 41.6239204
v 4.95418596 0.0 41.1582489
v 6.50825596 0.0 40.514534
v 7.98048115 0.0 39.7008629
v 9.35234737 0.0 38.7274704
v 10.6066017 0.0 37.6066017
v 11.7274723 0.0 36.3523483
v 12.7008629 0.0 34.9804802
v 13.514533 0.0 33.508255
v 14.1582499 0.0 31.9541855
v 14.6239185 0.0 30.3378143
v 14.9056835 0.0 28.6794662
v 1.80805016 -14.8906336 27.0
v 3.58973503 -14.564127 27.0
v 5.3190732 -14.0252438 27.0
v 6.97084761 -13.2818403 27.0
v 8.5209713 -12.344758 27.0
v 9.94684029 -11.2276611 27.0
v 11.2276611 -9.94684029 27.0
v 12.344758 -8.5209713 27.0
v 13.2818403 -6.97084761 27.0
v 14.0252438 -5.3190732 27.0
v 14.564127 -3.58973503 27.0
v 14.8906336 -1.80805016 27.0
v 0.0 14.8906336 28.8080502
v 0.0 14.564127 30.589735
v 0.0 14.0252438 32.3190727
v 0.0 13.2818403 33.9708481
v 0.0 12.344758 35.5209694
v 0.0 11.2276611 36.9468384
v 0.0 9.94684029 38.2276611
v 0.0 8.5209713 39.3447571
v 0.0 6.97084761 40.2818413
v 0.0 5.3190732 41.0252419
v 0.0 3.58973503 41.5641289
v 0.0 1.80805016 41.8906326
v -1.80805016 14.8906336 27.0
v -3.58973503 14.564127 27.0
v -5.3190732 14.0252438 27.0
v -6.97084761 13.2818403 27.0
v -8.5209713 12.344758 27.0
v -9.94684029 11.2276611 27.0
v -11.2276611 9.94684029 27.0
v -12.344758 8.5209713 27.0
v -13.2818403 6.97084761 27.0
v -14.0252438 5.3190732 27.0
v -14.564127 3.58973503 27.0
v -14.8906336 1.80805016 27.0
v 0.0 15.0 25.2000008
v 0.0 15.0 23.3999996
v 0.0 15.0 21.6000004
v 0.0 15.0 19.7999992
v 0.0 15.0 18.0
v 0.0 15.0 16.2000008
v 0.0 15.0 14.3999996
v 0.0 15.0 12.6000004
v 0.0 15.0 10.8000002
v 0.0 15.0 9.0
v 0.0 15.0 7.19999981
v 0.0 15.0 5.4000001
v 0.0 15.0 3.5999999
v 0.0 15.0 1.79999995
v -15.0 0.0 1.79999995
v -15.0 0.0 3.5999999
v -15.0 0.0 5.4000001
v -15.0 0.0 7.19999981
v -15.0 0.0 9.0
v -15.0 0.0 10.8000002
v -15.0 0.0 12.6000004
v -15.0 0.0 14.3999996
v -15.0 0.0 16.2000008
v -15.0 0.0 18.0
v -15.0 0.0 19.7999992
v -15.0 0.0 21.6000004
v -15.0 0.0 23.3999996
v -15.0 0.0 25.2000008
v -1.80805016 14.8906336 0.0
v -3.58973503 14.564127 0.0
v -5.3190732 14.0252438 0.0
v -6.97084761 13.2818403 0.0
v -8.5209713 12.344758 0.0
v -9.94684029 11.2276611 0.0
v -11.2276611 9.94684029 0.0
v -12.344758 8.5209713 0.0
v -13.2818403 6.97084761 0.0
v -14.0252438 5.3190732 0.0
v -14.564127 3.58973503 0.0
v -14.8906336 1.80805016 0.0
v 0.0 -15.0 1.79999995
v 0.0 -15.0 3.5999999
v 0.0 -15.0 5.4000001
v 0.0 -15.0 7.19999981
v 0.0 -15.0 9.0
v 0.0 -15.0 10.8000002
v 0.0 -15.0 12.6000004
v 0.0 -15.0 14.3999996
v 0.0 -15.0 16.2000008
v 0.0 -15.0 18.0
v 0.0 -15.0 19.7999992
v 0.0 -15.0 21.6000004
v 0.0 -15.0 23.3999996
v 0.0 -15.0 25.2000008
v -14.8906336 -1.80805016 0.0
v -14.564127 -3.58973503 0.0
v -14.0252438 -5.3190732 0.0
v -13.2818403 -6.97084761 0.0
v -12.344758 -8.5209713 0.0
v -11.2276611 -9.94684029 0.0
v -9.94684029 -11.2276611 0.0
v -8.5209713 -12.344758 0.0
v -6.97084761 -13.2818403 0.0
v -5.3190732 -14.0252438 0.0
v -3.58973503 -14.564127 0.0
v -1.80805016 -14.8906336 0.0
v 1.80805016 14.8906336 27.0
v 3.58973503 14.564127 27.0
v 5.3190732 14.0252438 27.0
v 6.97084761 13.2818403 27.0
v 8.5209713 12.344758 27.0
v 9.94684029 11.2276611 27.0
v 11.2276611 9.94684029 27.0
v 12.344758 8.5209713 27.0
v 13.2818403 6.97084761 27.0
v 14.0252438 5.3190732 27.0
v 14.564127 3.58973503 27.0
v 14.8906336 1.80805016 27.0
v 15.0 0.0 25.2000008
v 15.0 0.0 23.3999996
v 15.0 0.0 21.6000004
v 15.0 0.0 19.7999992
v 15.0 0.0 18.0
v 15.0 0.0 16.2000008
v 15.0 0.0 14.3999996
v 15.0 0.0 12.6000004
v 15.0 0.0 10.8000002
v 15.0 0.0 9.0
v 15.0 0.0 7.19999981
v 15.0 0.0 5.4000001
v 15.0 0.0 3.5999999
v 15.0 0.0 1.79999995
v 14.8906336 1.80805016 0.0
v 14.564127 3.58973503 0.0
v 14.0252438 5.3190732 0.0
v 13.2818403 6.97084761 0.0
v 12.344758 8.5209713 0.0
v 11.2276611 9.94684029 0.0
v 9.94684029 11.2276611 0.0
v 8.5209713 12.344758 0.0
v 6.97084761 13.2818403 0.0
v 5.3190732 14.0252438 0.0
v 3.58973503 14.564127 0.0
v 1.80805016 14.8906336 0.0
v 1.80805016 -14.8906336 0.0
v 3.58973503 -14.564127 0.0
v 5.3190732 -14.0252438 0.0
v 6.97084761 -13.2818403 0.0
v 8.5209713 -12.344758 0.0
v 9.94684029 -11.2276611 0.0
v 11.2276611 -9.94684029 0.0
v 12.344758 -8.5209713 0.0
v 13.2818403 -6.97084761 0.0
v 14.0252438 -5.3190732 0.0
v 14.564127 -3.58973503 0.0
v 14.8906336 -1.80805016 0.0
v -11.0338745 -10.0369921 28.5850582
v -9.78372955 -11.2587271 28.5873508
v -8.3818903 -12.3328457 28.6262951
v -6.85416746 -13.2362366 28.6800098
v -5.22619677 -13.9528675 28.733305
v -3.52394009 -14.4715328 28.7766762
v -1.77332067 -14.785223 28.8034744
v -10.7933168 -9.92588997 30.1592731
v -9.57368469 -11.1034412 30.1714592
v -8.20146179 -12.1324396 30.2465267
v -6.70382786 -12.9941111 30.3484001
v -5.10826778 -13.6750336 30.449501
v -3.44187951 -14.1662169 30.531538
v -1.73073375 -14.4629173 30.5816994
v -10.4837313 -9.65996552 31.666523
v -9.30018139 -10.7869759 31.7061443
v -7.96583033 -11.7596617 31.8224392
v -6.50834751 -12.5668278 31.9715443
v -4.95639324 -13.2002821 32.1172981
v -3.33747482 -13.6550093 32.2346916
v -1.67723119 -13.9294462 32.3063583
v -10.0922461 -9.2823143 33.0815468
v -8.95976353 -10.3340597 33.1587219
v -7.67706728 -11.2296104 33.3212738
v -6.27240562 -11.9653654 33.5182037
v -4.77595568 -12.53829 33.7068291
v -3.21576905 -12.9472952 33.8575783
v -1.61704195 -13.1937857 33.9504814
v -9.63868523 -8.82376575 34.3645706
v -8.59007072 -9.75688839 34.4842377
v -7.37903214 -10.5457945 34.7029953
v -6.03770781 -11.1927042 34.9542084
v -4.60181236 -11.6949902 35.1884384
v -3.10239816 -12.0522499 35.3736725
v -1.56253958 -12.2673368 35.48946
v -9.19368649 -8.33060646 35.4307251
v -8.28043175 -9.06597805 35.6164093
v -7.15448856 -9.70739651 35.9207497
v -5.87125301 -10.2498617 36.2449303
v -4.48285627 -10.676652 36.5348358
v -3.02622223 -10.9812088 36.7598686
v -1.52593863 -11.1638231 36.9015427
v -8.86354256 -7.93100023 36.1398506
v -8.14130211 -8.27331638 36.5011292
v -7.07856083 -8.71555901 36.9465065
v -5.82065248 -9.14292336 37.3695221
v -4.44624615 -9.49496365 37.727375
v -3.00095701 -9.74868298 37.9980659
v -1.51243091 -9.89901638 38.1679001
v -1.51887608 -8.49065018 39.2719955
v -1.55100656 -6.9523592 40.2007217
v -1.59049129 -5.30810452 40.9389496
v -1.62604368 -3.58363986 41.4745827
v -1.65455008 -1.80535817 41.7987556
v -3.02277565 -8.37101555 39.0743065
v -3.08709335 -6.85908079 39.9777832
v -3.16345048 -5.23871422 40.6948318
v -3.23213577 -3.53726053 41.2141151
v -3.2880609 -1.78183591 41.52631
v -4.48961687 -8.16261578 38.7564888
v -4.58750916 -6.69235849 39.6161461
v -4.69925737 -5.11255026 40.2958183
v -4.798913 -3.45199275 40.7860146
v -4.88063383 -1.73825943 41.0768547
v -5.89154863 -7.8738451 38.3266144
v -6.02584124 -6.46403503 39.1204567
v -6.17338943 -4.94264746 39.7459602
v -6.30356216 -3.33962154 40.1951523
v -6.41065359 -1.68334413 40.4562225
v -7.18300819 -7.54656601 37.7913742
v -7.36274529 -6.22367716 38.4915543
v -7.55335474 -4.77554274 39.0474472
v -7.7192893 -3.23658538 39.4473724
v -7.85585356 -1.6350826 39.6732826
v -8.30135822 -7.2699213 37.1604958
v -8.55373573 -6.05521107 37.731636
v -8.80728054 -4.67628002 38.2055435
v -9.02263069 -3.18183541 38.5528374
v -9.1969223 -1.60985088 38.7398911
v -9.18724918 -7.16517878 36.4474678
v -9.56987286 -6.03597975 36.8480721
v -9.91762066 -4.68690777 37.2310143
v -10.200139 -3.19501805 37.523735
v -10.4205694 -1.61416292 37.6679993
v -11.5213356 -1.64301693 36.4635773
v -12.4643831 -1.71154678 35.1676064
v -13.2476902 -1.80042934 33.8012619
v -13.8685732 -1.90764248 32.387352
v -14.336566 -2.05538607 30.9036217
v -14.6720676 -2.2172792 29.1941071
v -11.249114 -3.27387762 36.3669205
v -12.1438532 -3.4153769 35.1155434
v -12.8845587 -3.59034181 33.7895203
v -13.4731083 -3.78956747 32.3957901
v -13.9277287 -4.00388813 30.8713398
v -14.281661 -4.09738779 29.0604801
v -10.8856735 -4.81489944 36.1279182
v -11.7110605 -5.01726294 34.916954
v -12.3960762 -5.2537179 33.6133003
v -12.9435453 -5.50033045 32.2164154
v -13.3728809 -5.71773243 30.6706409
v -13.7212477 -5.75680637 28.8938141
v -10.4184732 -6.20632792 35.8281898
v -11.1482925 -6.46877813 34.6727104
v -11.7632666 -6.76176643 33.3956299
v -12.2610693 -7.04434919 32.0043297
v -12.656929 -7.26356268 30.470274
v -12.9845133 -7.29916048 28.7676754
v -9.84546661 -7.39288139 35.5680847
v -10.4434824 -7.74199677 34.4829903
v -10.9741545 -8.1097765 33.22892
v -11.4179974 -8.43895245 31.8387432
v -11.7769451 -8.67686272 30.3189774
v -12.0745611 -8.73974323 28.679842
v 1.50628245 -9.9032526 38.164978
v 1.51957154 -8.49128246 39.2714729
v 1.55129385 -6.95204306 40.2008553
v 1.58867645 -5.30799913 40.9391975
v 1.62319255 -3.58382487 41.4748573
v 1.65258586 -1.80548692 41.7989578
v 3.0058229 -9.75561714 37.9905853
v 3.03040576 -8.37197399 39.0717316
v 3.08982944 -6.8582983 39.9775467
v 3.16055584 -5.23820257 40.6956978
v 3.22680712 -3.53718853 41.2153435
v 3.28438091 -1.78177202 41.527153
v 4.4774375 -9.50382519 37.7065353
v 4.51118898 -8.16502666 38.7465515
v 4.59488392 -6.69376755 39.6127129
v 4.69547272 -5.1149354 40.2962379
v 4.7908082 -3.45485616 40.7881165
v 4.87494516 -1.74068093 41.0785294
v 5.88706923 -9.15021992 37.3254967
v 5.92784834 -7.88256025 38.3015862
v 6.03540897 -6.47716761 39.1086807
v 6.16588068 -4.95868731 39.7433662
v 6.29047966 -3.3548789 40.197525
v 6.4016428 -1.69257224 40.4593544
v 7.16919184 -8.7154932 36.8814392
v 7.22323179 -7.5640974 37.7521782
v 7.36580801 -6.25409174 38.4730644
v 7.53548384 -4.81138182 39.0443802
v 7.69587135 -3.26757932 39.4537735
v 7.84001446 -1.65214634 39.6808739
v 8.22523022 -8.2623148 36.4382057
v 8.32684422 -7.28593779 37.1281166
v 8.53686619 -6.09063673 37.7250214
v 8.76683521 -4.72163153 38.218235
v 8.97766876 -3.22262955 38.5765343
v 9.16701603 -1.63205862 38.7601967
v 8.90912533 -7.91233444 36.1116638
v 9.18234921 -7.1621623 36.4545174
v 9.51775551 -6.05576515 36.8863564
v 9.83699131 -4.72709513 37.2901993
v 10.1165752 -3.23841262 37.5909195
v 10.3652925 -1.63870966 37.7179909
v 1.77759147 -14.7848864 28.8020248
v 1.73891282 -14.4627056 30.5785923
v 1.68907022 -13.929698 32.3019409
v 1.6305598 -13.1948242 33.9453506
v 1.57369685 -12.2694988 35.484272
v 1.53310525 -11.1667166 36.897171
v 3.52931619 -14.47048 28.7745819
v 3.45271564 -14.1650267 30.5257301
v 3.35483479 -13.6545525 32.2247772
v 3.24153423 -12.9479179 33.8442612
v 3.13307333 -12.0545349 35.3589478
v 3.05639791 -10.984436 36.7468262
v 5.23067951 -13.9518328 28.7281036
v 5.11852932 -13.6746006 30.4359818
v 4.97599983 -13.2017612 32.0944023
v 4.81256533 -12.5410137 33.6754913
v 4.65760088 -11.6977673 35.1528511
v 4.54713106 -10.6777563 36.5031128
v 6.85684204 -13.2363501 28.6681576
v 6.71190834 -12.9967461 30.3218784
v 6.52822828 -12.5728559 31.9300632
v 6.31863499 -11.9706917 33.4635429
v 6.11766243 -11.1915684 34.8944931
v 5.96893024 -10.2420235 36.1909103
v 8.38247871 -12.3344831 28.6107674
v 8.20555115 -12.137866 30.2157631
v 7.98127079 -11.7672272 31.7782516
v 7.72269583 -11.2290611 33.2664299
v 7.46631384 -10.5290651 34.6415291
v 7.2636857 -9.6827898 35.8590317
v 9.78198147 -11.2612343 28.580328
v 9.57011795 -11.1090326 30.162632
v 9.29996395 -10.7897949 31.7001057
v 8.98187828 -10.3192368 33.1513596
v 8.64997673 -9.71918869 34.4642677
v 8.36164188 -9.02557278 35.5803261
v 11.0323896 -10.0372486 28.5937481
v 10.7803764 -9.92955112 30.1917858
v 10.4569359 -9.65780926 31.7306671
v 10.0665131 -9.25762272 33.1613083
v 9.63371849 -8.77614594 34.4277
v 9.20604706 -8.28848076 35.4587097
v 12.1157103 -8.68774986 28.6530495
v 13.0187979 -7.2413125 28.7533703
v 13.73738 -5.71836519 28.8933239
v 14.2808361 -4.09361315 29.0736523
v 14.6662779 -2.23120284 29.2185631
v 11.8198729 -8.62393284 30.3042965
v 12.6802731 -7.21497631 30.486372
v 13.3657198 -5.70283079 30.7195797
v 13.8980913 -4.02638817 30.9536381
v 14.3091478 -2.07491612 30.9928703
v 11.439435 -8.39270115 31.8684578
v 12.2468462 -7.00960827 32.0872536
v 12.8905783 -5.49999237 32.3463135
v 13.3986874 -3.81461763 32.5609245
v 13.8100262 -1.91679716 32.532547
v 10.9713249 -8.05727291 33.3016167
v 11.7094526 -6.72346687 33.5332756
v 12.2991505 -5.24822044 33.7961082
v 12.7703867 -3.60577464 33.993969
v 13.1630878 -1.80317032 33.9628792
v 10.4246874 -7.68383598 34.5686569
v 11.0669136 -6.43063545 34.8211479
v 11.5854998 -5.01529264 35.1008034
v 12.0071774 -3.43626571 35.3078117
v 12.3671265 -1.72345531 35.3116722
v 9.81429863 -7.35541487 35.6358223
v 10.3213615 -6.19791126 35.9473686
v 10.7483988 -4.84339905 36.2743416
v 11.1085024 -3.31972647 36.5173836
v 11.4253845 -1.6725148 36.5740967
v -1.77988338 14.7847862 28.8005848
v -1.7428292 14.4627552 30.5764885
v -1.69308197 13.9299603 32.2999687
v -1.62993813 13.195631 33.9439621
v -1.56095421 12.2716932 35.4834518
v -1.50744033 11.1707306 36.8965836
v -1.48979878 9.90608215 38.1646767
v -3.53433514 14.4695263 28.7723675
v -3.46119356 14.1637783 30.5224323
v -3.36303234 13.6537075 32.221714
v -3.23927712 12.9493456 33.8426285
v -3.10687065 12.0609064 35.359539
v -3.00666618 10.9959812 36.7492752
v -2.97419333 9.76347637 37.9922104
v -5.23870993 13.9491501 28.7254333
v -5.13200998 13.6707163 30.431324
v -4.98869181 13.198966 32.0892296
v -4.80888557 12.5442066 33.672142
v -4.61917257 11.7123165 35.1538277
v -4.47794962 10.7026653 36.5079384
v -4.43299103 9.51864815 37.7118607
v -6.86798143 13.2312841 28.6625156
v -6.73095798 12.9899855 30.3097553
v -6.54689789 12.5697823 31.9131145
v -6.31678104 11.9809198 33.4463806
v -6.07601595 11.2229176 34.8821411
v -5.89820147 10.2845488 36.1890831
v -5.83915281 9.16745377 37.3374138
v -8.39618587 12.3269634 28.5968838
v -8.2301445 12.1289759 30.186327
v -8.0075388 11.7665443 31.7357941
v -7.72988129 11.2507763 33.2184372
v -7.43998528 10.5744638 34.6044273
v -7.21819115 9.72768116 35.8470306
v -7.1325717 8.72261333 36.901638
v -9.7930727 11.254241 28.5613384
v -9.59234238 11.1015873 30.1211739
v -9.32752228 10.7934675 31.6366348
v -8.99878693 10.3468018 33.0799294
v -8.64908791 9.76223469 34.4089165
v -8.35439873 9.05686474 35.5543709
v -8.20723343 8.25962353 36.4562111
v -11.0257959 10.0455465 28.5870743
v -10.7792015 9.9396534 30.1641922
v -10.4663324 9.67557526 31.673233
v -10.0815506 9.29160881 33.0850906
v -9.65128899 8.81677532 34.3564339
v -9.23042393 8.31195641 35.4089622
v -8.90648746 7.91440725 36.112442
v -1.50776148 8.49384689 39.2711525
v -1.54583359 6.95372581 40.2006111
v -1.5882138 5.30865335 40.939003
v -1.62509263 3.583848 41.4746361
v -1.65419579 1.80543053 41.7987862
v -3.0078218 8.37863731 39.0727577
v -3.07945347 6.86263323 39.9777222
v -3.15981889 5.24023008 40.6950912
v -3.2305162 3.53785896 41.2143364
v -3.28742981 1.78204417 41.5264282
v -4.48079777 8.17593765 38.7505951
v -4.58225822 6.69903088 39.6145096
v -4.6964035 5.11558485 40.2956619
v -4.79748821 3.45325708 40.7861938
v -4.8800416 1.73872447 41.0770035
v -5.89928102 7.8888216 38.3121605
v -6.02832937 6.47221899 39.1148529
v -6.17385101 4.94670486 39.7441635
v -6.30345726 3.34145856 40.1947365
v -6.41053724 1.6840651 40.4561844
v -7.20924473 7.55405331 37.7686157
v -7.37422991 6.22921705 38.4811859
v -7.55792952 4.77892208 39.0432396
v -7.72095919 3.23837662 39.4458694
v -7.85640717 1.63586736 39.6728363
v -8.33489227 7.26691008 37.1351662
v -8.56932068 6.05603313 37.7187309
v -8.8140049 4.67779589 38.1996231
v -9.02534199 3.18299961 38.5503998
v -9.1978941 1.61046791 38.7390442
v -9.21367645 7.15735292 36.4276428
v -9.583251 6.03358269 36.8365211
v -9.92359257 4.68679857 37.2252731
v -10.2026272 3.19545555 37.5211906
v -10.4214735 1.61451209 37.6670647
v -11.5217791 1.64313388 36.4630203
v -12.464571 1.71157002 35.1673126
v -13.2477608 1.80042315 33.8011284
v -13.868597 1.90763175 32.3872948
v -14.3365726 2.05537772 30.9036007
v -14.6720695 2.21727324 29.1940994
v -11.2504854 3.27390075 36.3652611
v -12.1444483 3.41529655 35.1146851
v -12.8847485 3.59029126 33.7891884
v -13.4731264 3.78958178 32.3957329
v -13.9276905 4.00396585 30.8713951
v -14.2816191 4.09750366 29.0605373
v -10.8894482 4.81410217 36.1238327
v -11.7125149 5.01683521 34.9150696
v -12.3961906 5.25387383 33.6129608
v -12.9431086 5.50097179 32.2168236
v -13.3723335 5.71865845 30.6711903
v -13.7208767 5.7576046 28.8940773
v -10.4274378 6.20305824 35.8199005
v -11.1514978 6.46745157 34.6691704
v -11.7623978 6.76308584 33.3958321
v -12.2586775 7.04730415 32.006031
v -12.6545401 7.26697302 30.4718475
v -12.9830666 7.30158186 28.7682972
v -9.86401749 7.38452244 35.5539474
v -10.4503841 7.73843288 34.4770393
v -10.9712276 8.11302853 33.2298431
v -11.4110422 8.44629192 31.8423386
v -11.7704897 8.6844902 30.3219261
v -12.0708179 8.74469662 28.6809597
v -1.80805016 14.8906336 1.79999995
v -1.80805016 14.8906336 3.5999999
v -1.80805016 14.8906336 5.4000001
v -1.80805016 14.8906336 7.19999981
v -1.80805016 14.8906336 9.0
v -1.80805016 14.8906336 10.8000002
v -1.80805016 14.8906336 12.6000004
v -1.80805016 14.8906336 14.3999996
v -1.80805016 14.8906336 16.2000008
v -1.80805016 14.8906336 18.0
v -1.80805016 14.8906336 19.7999992
v -1.80805016 14.8906336 21.6000004
v -1.80805016 14.8906336 23.3999996
v -1.80805016 14.8906336 25.2000008
v -3.58973503 14.564127 1.79999995
v -3.58973503 14.564127 3.5999999
v -3.58973503 14.564127 5.4000001
v -3.58973503 14.564127 7.19999981
v -3.58973503 14.564127 9.0
v -3.58973503 14.564127 10.8000002
v -3.58973503 14.564127 12.6000004
v -3.58973503 14.564127 14.3999996
v -3.58973503 14.564127 16.2000008
v -3.58973503 14.564127 18.0
v -3.58973503 14.564127 19.7999992
v -3.58973503 14.564127 21.6000004
v -3.58973503 14.564127 23.3999996
v -3.58973503 14.564127 25.2000008
v -5.3190732 14.0252438 1.79999995
v -5.3190732 14.0252438 3.5999999
v -5.3190732 14.0252438 5.4000001
v -5.3190732 14.0252438 7.19999981
v -5.3190732 14.0252438 9.0
v -5.3190732 14.0252438 10.8000002
v -5.3190732 14.0252438 12.6000004
v -5.3190732 14.0252438 14.3999996
v -5.3190732 14.0252438 16.2000008
v -5.3190732 14.0252438 18.0
v -5.3190732 14.0252438 19.7999992
v -5.3190732 14.0252438 21.6000004
v -5.3190732 14.0252438 23.3999996
v -5.3190732 14.0252438 25.2000008
v -6.97084761 13.2818403 1.79999995
v -6.97084761 13.2818403 3.5999999
v -6.97084761 13.2818403 5.4000001
v -6.97084761 13.2818403 7.19999981
v -6.97084761 13.2818403 9.0
v -6.97084761 13.2818403 10.8000002
v -6.97084761 13.2818403 12.6000004
v -6.97084761 13.2818403 14.3999996
v -6.97084761 13.2818403 16.2000008
v -6.97084761 13.2818403 18.0
v -6.97084761 13.2818403 19.7999992
v -6.97084761 13.2818403 21.6000004
v -6.97084761 13.2818403 23.3999996
v -6.97084761 13.2818403 25.2000008
v -8.5209713 12.344758 1.79999995
v -8.5209713 12.344758 3.5999999
v -8.5209713 12.344758 5.4000001
v -8.5209713 12.344758 7.19999981
v -8.5209713 12.344758 9.0
v -8.5209713 12.344758 10.8000002
v -8.5209713 12.344758 12.6000004
v -8.5209713 12.344758 14.3999996
v -8.5209713 12.344758 16.2000008
v -8.5209713 12.344758 18.0
v -8.5209713 12.344758 19.7999992
v -8.5209713 12.344758 21.6000004
v -8.5209713 12.344758 23.3999996
v -8.5209713 12.344758 25.2000008
v -9.94684029 11.2276611 1.79999995
v -9.94684029 11.2276611 3.5999999
v -9.94684029 11.2276611 5.4000001
v -9.94684029 11.2276611 7.19999981
v -9.94684029 11.2276611 9.0
v -9.94684029 11.2276611 10.8000002
v -9.94684029 11.2276611 12.6000004
v -9.94684029 11.2276611 14.3999996
v -9.94684029 11.2276611 16.2000008
v -9.94684029 11.2276611 18.0
v -9.94684029 11.2276611 19.7999992
v -9.94684029 11.2276611 21.6000004
v -9.94684029 11.2276611 23.3999996
v -9.94684029 11.2276611 25.2000008
v -11.2276611 9.94684029 1.79999995
v -11.2276611 9.94684029 3.5999999
v -11.2276611 9.94684029 5.4000001
v -11.2276611 9.94684029 7.19999981
v -11.2276611 9.94684029 9.0
v -11.2276611 9.94684029 10.8000002
v -11.2276611 9.94684029 12.6000004
v -11.2276611 9.94684029 14.3999996
v -11.2276611 9.94684029 16.2000008
v -11.2276611 9.94684029 18.0
v -11.2276611 9.94684029 19.7999992
v -11.2276611 9.94684029 21.6000004
v -11.2276611 9.94684029 23.3999996
v -11.2276611 9.94684029 25.2000008
v -12.344758 8.5209713 1.79999995
v -12.344758 8.5209713 3.5999999
v -12.344758 8.5209713 5.4000001
v -12.344758 8.5209713 7.19999981
v -12.344758 8.5209713 9.0
v -12.344758 8.5209713 10.8000002
v -12.344758 8.5209713 12.6000004
v -12.344758 8.5209713 14.3999996
v -12.344758 8.5209713 16.2000008
v -12.344758 8.5209713 18.0
v -12.344758 8.5209713 19.7999992
v -12.344758 8.5209713 21.6000004
v -12.344758 8.5209713 23.3999996
v -12.344758 8.5209713 25.2000008
v -13.2818403 6.97084761 1.79999995
v -13.2818403 6.97084761 3.5999999
v -13.2818403 6.97084761 5.4000001
v -13.2818403 6.97084761 7.19999981
v -13.2818403 6.97084761 9.0
v -13.2818403 6.97084761 10.8000002
v -13.2818403 6.97084761 12.6000004
v -13.2818403 6.97084761 14.3999996
v -13.2818403 6.97084761 16.2000008
v -13.2818403 6.97084761 18.0
v -13.2818403 6.97084761 19.7999992
v -13.2818403 6.97084761 21.6000004
v -13.2818403 6.97084761 23.3999996
v -13.2818403 6.97084761 25.2000008
v -14.0252438 5.3190732 1.79999995
v -14.0252438 5.3190732 3.5999999
v -14.0252438 5.3190732 5.4000001
v -14.0252438 5.3190732 7.19999981
v -14.0252438 5.3190732 9.0
v -14.0252438 5.3190732 10.8000002
v -14.0252438 5.3190732 12.6000004
v -14.0252438 5.3190732 14.3999996
v -14.0252438 5.3190732 16.2000008
v -14.0252438 5.3190732 18.0
v -14.0252438 5.3190732 19.7999992
v -14.0252438 5.3190732 21.6000004
v -14.0252438 5.3190732 23.3999996
v -14.0252438 5.3190732 25.2000008
v -14.564127 3.58973503 1.79999995
v -14.564127 3.58973503 3.5999999
v -14.564127 3.58973503 5.4000001
v -14.564127 3.58973503 7.19999981
v -14.564127 3.58973503 9.0
v -14.564127 3.58973503 10.8000002
v -14.564127 3.58973503 12.6000004
v -14.564127 3.58973503 14.3999996
v -14.564127 3.58973503 16.2000008
v -14.564127 3.58973503 18.0
v -14.564127 3.58973503 19.7999992
v -14.564127 3.58973503 21.6000004
v -14.564127 3.58973503 23.3999996
v -14.564127 3.58973503 25.2000008
v -14.8906336 1.80805016 1.79999995
v -14.8906336 1.80805016 3.5999999
v -14.8906336 1.80805016 5.4000001
v -14.8906336 1.80805016 7.19999981
v -14.8906336 1.80805016 9.0
v -14.8906336 1.80805016 10.8000002
v -14.8906336 1.80805016 12.6000004
v -14.8906336 1.80805016 14.3999996
v -14.8906336 1.80805016 16.2000008
v -14.8906336 1.80805016 18.0
v -14.8906336 1.80805016 19.7999992
v -14.8906336 1.80805016 21.6000004
v -14.8906336 1.80805016 23.3999996
v -14.8906336 1.80805016 25.2000008
v -1.80805016 -14.8906336 1.79999995
v -1.80805016 -14.8906336 3.5999999
v -1.80805016 -14.8906336 5.4000001
v -1.80805016 -14.8906336 7.19999981
v -1.80805016 -14.8906336 9.0
v -1.80805016 -14.8906336 10.8000002
v -1.80805016 -14.8906336 12.6000004
v -1.80805016 -14.8906336 14.3999996
v -1.80805016 -14.8906336 16.2000008
v -1.80805016 -14.8906336 18.0
v -1.80805016 -14.8906336 19.7999992
v -1.80805016 -14.8906336 21.6000004
v -1.80805016 -14.8906336 23.3999996
v -1.80805016 -14.8906336 25.2000008
v -3.58973503 -14.564127 1.79999995
v -3.58973503 -14.564127 3.5999999
v -3.58973503 -14.564127 5.4000001
v -3.58973503 -14.564127 7.19999981
v -3.58973503 -14.564127 9.0
v -3.58973503 -14.564127 10.8000002
v -3.58973503 -14.564127 12.6000004
v -3.58973503 -14.564127 14.3999996
v -3.58973503 -14.564127 16.2000008
v -3.58973503 -14.564127 18.0
v -3.58973503 -14.564127 19.7999992
v -3.58973503 -14.564127 21.6000004
v -3.58973503 -14.564127 23.3999996
v -3.58973503 -14.564127 25.2000008
v -5.3190732 -14.0252438 1.79999995
v -5.3190732 -14.0252438 3.5999999
v -5.3190732 -14.0252438 5.4000001
v -5.3190732 -14.0252438 7.19999981
v -5.3190732 -14.0252438 9.0
v -5.3190732 -14.0252438 10.8000002
v -5.3190732 -14.0252438 12.6000004
v -5.3190732 -14.0252438 14.3999996
v -5.3190732 -14.0252438 16.2000008
v -5.3190732 -14.0252438 18.0
v -5.3190732 -14.0252438 19.7999992
v -5.3190732 -14.0252438 21.6000004
v -5.3190732 -14.0252438 23.3999996
v -5.3190732 -14.0252438 25.2000008
v -6.97084761 -13.2818403 1.79999995
v -6.97084761 -13.2818403 3.5999999
v -6.97084761 -13.2818403 5.4000001
v -6.97084761 -13.2818403 7.19999981
v -6.97084761 -13.2818403 9.0
v -6.97084761 -13.2818403 10.8000002
v -6.97084761 -13.2818403 12.6000004
v -6.97084761 -13.2818403 14.3999996
v -6.97084761 -13.2818403 16.2000008
v -6.97084761 -13.2818403 18.0
v -6.97084761 -13.2818403 19.7999992
v -6.97084761 -13.2818403 21.6000004
v -6.97084761 -13.2818403 23.3999996
v -6.97084761 -13.2818403 25.2000008
v -8.5209713 -12.344758 1.79999995
v -8.5209713 -12.344758 3.5999999
v -8.5209713 -12.344758 5.4000001
v -8.5209713 -12.344758 7.19999981
v -8.5209713 -12.344758 9.0
v -8.5209713 -12.344758 10.8000002
v -8.5209713 -12.344758 12.6000004
v -8.5209713 -12.344758 14.3999996
v -8.5209713 -12.344758 16.2000008
v -8.5209713 -12.344758 18.0
v -8.5209713 -12.344758 19.7999992
v -8.5209713 -12.344758 21.6000004
v -8.5209713 -12.344758 23.3999996
v -8.5209713 -12.344758 25.2000008
v -9.94684029 -11.2276611 1.79999995
v -9.94684029 -11.2276611 3.5999999
v -9.94684029 -11.2276611 5.4000001
v -9.94684029 -11.2276611 7.19999981
v -9.94684029 -11.2276611 9.0
v -9.94684029 -11.2276611 10.8000002
v -9.94684029 -11.2276611 12.6000004
v -9.94684029 -11.2276611 14.3999996
v -9.94684029 -11.2276611 16.2000008
v -9.94684029 -11.2276611 18.0
v -9.94684029 -11.2276611 19.7999992
v -9.94684029 -11.2276611 21.6000004
v -9.94684029 -11.2276611 23.3999996
v -9.94684029 -11.2276611 25.2000008
v -11.2276611 -9.94684029 1.79999995
v -11.2276611 -9.94684029 3.5999999
v -11.2276611 -9.94684029 5.4000001
v -11.2276611 -9.94684029 7.19999981
v -11.2276611 -9.94684029 9.0
v -11.2276611 -9.94684029 10.8000002
v -11.2276611 -9.94684029 12.6000004
v -11.2276611 -9.94684029 14.3999996
v -11.2276611 -9.94684029 16.2000008
v -11.2276611 -9.94684029 18.0
v -11.2276611 -9.94684029 19.7999992
v -11.2276611 -9.94684029 21.6000004
v -11.2276611 -9.94684029 23.3999996
v -11.2276611 -9.94684029 25.2000008
v -12.344758 -8.5209713 1.79999995
v -12.344758 -8.5209713 3.5999999
v -12.344758 -8.5209713 5.4000001
v -12.344758 -8.5209713 7.19999981
v -12.344758 -8.5209713 9.0
v -12.344758 -8.5209713 10.8000002
v -12.344758 -8.5209713 12.6000004
v -12.344758 -8.5209713 14.3999996
v -12.344758 -8.5209713 16.2000008
v -12.344758 -8.5209713 18.0
v -12.344758 -8.5209713 19.7999992
v -12.344758 -8.5209713 21.6000004
v -12.344758 -8.5209713 23.3999996
v -12.344758 -8.5209713 25.2000008
v -13.2818403 -6.97084761 1.79999995
v -13.2818403 -6.97084761 3.5999999
v -13.2818403 -6.97084761 5.4000001
v -13.2818403 -6.97084761 7.19999981
v -13.2818403 -6.97084761 9.0
v -13.2818403 -6.97084761 10.8000002
v -13.2818403 -6.97084761 12.6000004
v -13.2818403 -6.97084761 14.3999996
v -13.2818403 -6.97084761 16.2000008
v -13.2818403 -6.97084761 18.0
v -13.2818403 -6.97084761 19.7999992
v -13.2818403 -6.97084761 21.6000004
v -13.2818403 -6.97084761 23.3999996
v -13.2818403 -6.97084761 25.2000008
v -14.0252438 -5.3190732 1.79999995
v -14.0252438 -5.3190732 3.5999999
v -14.0252438 -5.3190732 5.4000001
v -14.0252438 -5.3190732 7.19999981
v -14.0252438 -5.3190732 9.0
v -14.0252438 -5.3190732 10.8000002
v -14.0252438 -5.3190732 12.6000004
v -14.0252438 -5.3190732 14.3999996
v -14.0252438 -5.3190732 16.2000008
v -14.0252438 -5.3190732 18.0
v -14.0252438 -5.3190732 19.7999992
v -14.0252438 -5.3190732 21.6000004
v -14.0252438 -5.3190732 23.3999996
v -14.0252438 -5.3190732 25.2000008
v -14.564127 -3.58973503 1.79999995
v -14.564127 -3.58973503 3.5999999
v -14.564127 -3.58973503 5.4000001
v -14.564127 -3.58973503 7.19999981
v -14.564127 -3.58973503 9.0
v -14.564127 -3.58973503 10.8000002
v -14.564127 -3.58973503 12.6000004
v -14.564127 -3.58973503 14.3999996
v -14.564127 -3.58973503 16.2000008
v -14.564127 -3.58973503 18.0
v -14.564127 -3.58973503 19.7999992
v -14.564127 -3.58973503 21.6000004
v -14.564127 -3.58973503 23.3999996
v -14.564127 -3.58973503 25.2000008
v -14.8906336 -1.80805016 1.79999995
v -14.8906336 -1.80805016 3.5999999
v -14.8906336 -1.80805016 5.4000001
v -14.8906336 -1.80805016 7.19999981
v -14.8906336 -1.80805016 9.0
v -14.8906336 -1.80805016 10.8000002
v -14.8906336 -1.80805016 12.6000004
v -14.8906336 -1.80805016 14.3999996
v -14.8906336 -1.80805016 16.2000008
v -14.8906336 -1.80805016 18.0
v -14.8906336 -1.80805016 19.7999992
v -14.8906336 -1.80805016 21.6000004
v -14.8906336 -1.80805016 23.3999996
v -14.8906336 -1.80805016 25.2000008
v 1.50611651 9.9037056 38.1645966
v 1.5364666 11.1672888 36.8960037
v 1.58604026 12.2691851 35.4824257
v 1.64204681 13.1944733 33.9433098
v 1.69465744 13.9294672 32.3007622
v 1.73891211 14.4626198 30.5789394
v 1.77521825 14.7850285 28.8031979
v 3.00555396 9.75605392 37.9902725
v 3.06389284 10.9842997 36.7446251
v 3.15855265 12.0510778 35.3543434
v 3.26575899 12.9444456 33.8393097
v 3.36695671 13.6527061 32.2218018
v 3.45284486 14.1649933 30.5257378
v 3.52433038 14.4715023 28.7761497
v 4.47714853 9.50354481 37.7069016
v 4.5601368 10.6772976 36.4973946
v 4.69507504 11.6888781 35.144104
v 4.84838438 12.5312805 33.6678467
v 4.99367666 13.1963072 32.0912361
v 5.11786795 13.6744051 30.4377422
v 5.22238445 13.9544582 28.7319927
v 5.88723135 9.15561581 37.3206215
v 5.9895277 10.2482643 36.1705322
v 6.16132736 11.1808853 34.8756485
v 6.35802603 11.9538517 33.4560776
v 6.54522181 12.5620489 31.9350796
v 6.70620108 12.9959888 30.336338
v 6.84294462 13.2417049 28.6826668
v 7.16904545 8.73929501 36.8605003
v 7.29041195 9.70454025 35.8131599
v 7.50541162 10.526576 34.606575
v 7.7516427 11.212368 33.2605782
v 7.98533916 11.7547884 31.8020115
v 8.18680668 12.1399021 30.2556057
v 8.35901356 12.3459263 28.6446896
v 8.21999741 8.30865097 36.4020195
v 8.38423538 9.06513596 35.5163307
v 8.66981125 9.73487663 34.4206848
v 8.98506355 10.3170109 33.1504402
v 9.27877522 10.7892847 31.74296
v 9.53093243 11.1240969 30.227354
v 9.74616528 11.2848959 28.6319866
v 8.89276695 7.97389269 36.0739059
v 9.20477772 8.3450861 35.4042625
v 9.61711311 8.81809807 34.3994789
v 10.031271 9.2856102 33.1766548
v 10.4035797 9.68666553 31.7889481
v 10.7197466 9.9702177 30.2683029
v 10.9865808 10.0782738 28.6502876
v 1.65332961 1.80616891 41.7987938
v 1.61955154 3.5858686 41.4747581
v 1.57856107 5.31110859 40.9391632
v 1.53932464 6.95467186 40.2008705
v 1.51596212 8.49182224 39.2715454
v 3.2855432 1.78372872 41.5266495
v 3.21879411 3.54189706 41.2159882
v 3.13954258 5.24509668 40.6978912
v 3.06550837 6.864223 39.9801826
v 3.02267694 8.37296867 39.072979
v 4.87706089 1.74184585 41.077652
v 4.77928925 3.46027565 40.7907524
v 4.66490793 5.12460947 40.3032722
v 4.55975533 6.70356941 39.6202545
v 4.4984889 8.16857147 38.7489586
v 6.4076438 1.68529856 40.4574089
v 6.28052807 3.35203052 40.2029877
v 6.1330514 4.96682453 39.756031
v 5.99537468 6.49538612 39.1188049
v 5.90871048 7.8987565 38.3003006
v 7.8551259 1.62991869 39.6743965
v 7.69674587 3.24912572 39.4580612
v 7.51086617 4.81826162 39.0569992
v 7.32782507 6.28817749 38.478756
v 7.19555616 7.60464144 37.7421303
v 9.19472504 1.60009253 38.7429428
v 8.99561214 3.19674563 38.5697784
v 8.7562685 4.73349476 38.221489
v 8.50310612 6.14229345 37.7223778
v 8.28818703 7.35102081 37.1127853
v 10.4038019 1.61048901 37.684906
v 10.1498547 3.21862483 37.5650787
v 9.83890629 4.74802208 37.2787247
v 9.48658466 6.11868954 36.8775673
v 9.13231373 7.24071169 36.4431419
v 14.6737986 2.20962381 29.1902504
v 14.3273602 2.05760455 30.9361172
v 13.8393087 1.90723002 32.4622345
v 13.2017832 1.79593074 33.8911209
v 12.4112453 1.71236396 35.2479591
v 11.4686232 1.65590763 36.5251579
v 14.2870979 4.08004618 29.0571976
v 13.9132681 4.01257229 30.9141083
v 13.4244423 3.80678868 32.5038795
v 12.806551 3.6015687 33.9297142
v 12.0496902 3.43095446 35.2482452
v 11.1498842 3.31125164 36.4718361
v 13.730731 5.73480606 28.8918285
v 13.3575125 5.72575092 30.7138424
v 12.8863564 5.52552128 32.330143
v 12.3019209 5.27579975 33.7696877
v 11.5938406 5.04387522 35.0710716
v 10.7574148 4.87081051 36.2495003
v 12.9940815 7.28174686 28.769186
v 12.6401987 7.27109241 30.5151958
v 12.2023983 7.06786442 32.1133919
v 11.6680956 6.78347111 33.5452309
v 11.0315409 6.49429512 34.8185196
v 10.2911053 6.26267958 35.9371147
v 12.0720377 8.74016476 28.6957073
v 11.7483578 8.69312096 30.3772392
v 11.3582058 8.45952511 31.9424286
v 10.8936434 8.12303734 33.3517532
v 10.357502 7.75570774 34.5875664
v 9.75903511 7.43298721 35.6320305
v 1.80805016 14.8906336 1.79999995
v 1.80805016 14.8906336 3.5999999
v 1.80805016 14.8906336 5.4000001
v 1.80805016 14.8906336 7.19999981
v 1.80805016 14.8906336 9.0
v 1.80805016 14.8906336 10.8000002
v 1.80805016 14.8906336 12.6000004
v 1.80805016 14.8906336 14.3999996
v 1.80805016 14.8906336 16.2000008
v 1.80805016 14.8906336 18.0
v 1.80805016 14.8906336 19.7999992
v 1.80805016 14.8906336 21.6000004
v 1.80805016 14.8906336 23.3999996
v 1.80805016 14.8906336 25.2000008
v 3.58973503 14.564127 1.79999995
v 3.58973503 14.564127 3.5999999
v 3.58973503 14.564127 5.4000001
v 3.58973503 14.564127 7.19999981
v 3.58973503 14.564127 9.0
v 3.58973503 14.564127 10.8000002
v 3.58973503 14.564127 12.6000004
v 3.58973503 14.564127 14.3999996
v 3.58973503 14.564127 16.2000008
v 3.58973503 14.564127 18.0
v 3.58973503 14.564127 19.7999992
v 3.58973503 14.564127 21.6000004
v 3.58973503 14.564127 23.3999996
v 3.58973503 14.564127 25.2000008
v 5.3190732 14.0252438 1.79999995
v 5.3190732 14.0252438 3.5999999
v 5.3190732 14.0252438 5.4000001
v 5.3190732 14.0252438 7.19999981
v 5.3190732 14.0252438 9.0
v 5.3190732 14.0252438 10.8000002
v 5.3190732 14.0252438 12.6000004
v 5.3190732 14.0252438 14.3999996
v 5.3190732 14.0252438 16.2000008
v 5.3190732 14.0252438 18.0
v 5.3190732 14.0252438 19.7999992
v 5.3190732 14.0252438 21.6000004
v 5.3190732 14.0252438 23.3999996
v 5.3190732 14.0252438 25.2000008
v 6.97084761 13.2818403 1.79999995
v 6.97084761 13.2818403 3.5999999
v 6.97084761 13.2818403 5.4000001
v 6.97084761 13.2818403 7.19999981
v 6.97084761 13.2818403 9.0
v 6.97084761 13.2818403 10.8000002
v 6.97084761 13.2818403 12.6000004
v 6.97084761 13.2818403 14.3999996
v 6.97084761 13.2818403 16.2000008
v 6.97084761 13.2818403 18.0
v 6.97084761 13.2818403 19.7999992
v 6.97084761 13.2818403 21.6000004
v 6.97084761 13.2818403 23.3999996
v 6.97084761 13.2818403 25.2000008
v 8.5209713 12.344758 1.79999995
v 8.5209713 12.344758 3.5999999
v 8.5209713 12.344758 5.4000001
v 8.5209713 12.344758 7.19999981
v 8.5209713 12.344758 9.0
v 8.5209713 12.344758 10.8000002
v 8.5209713 12.344758 12.6000004
v 8.5209713 12.344758 14.3999996
v 8.5209713 12.344758 16.2000008
v 8.5209713 12.344758 18.0
v 8.5209713 12.344758 19.7999992
v 8.5209713 12.344758 21.6000004
v 8.5209713 12.344758 23.3999996
v 8.5209713 12.344758 25.2000008
v 9.94684029 11.2276611 1.79999995
v 9.94684029 11.2276611 3.5999999
v 9.94684029 11.2276611 5.4000001
v 9.94684029 11.2276611 7.19999981
v 9.94684029 11.2276611 9.0
v 9.94684029 11.2276611 10.8000002
v 9.94684029 11.2276611 12.6000004
v 9.94684029 11.2276611 14.3999996
v 9.94684029 11.2276611 16.2000008
v 9.94684029 11.2276611 18.0
v 9.94684029 11.2276611 19.7999992
v 9.94684029 11.2276611 21.6000004
v 9.94684029 11.2276611 23.3999996
v 9.94684029 11.2276611 25.2000008
v 11.2276611 9.94684029 1.79999995
v 11.2276611 9.94684029 3.5999999
v 11.2276611 9.94684029 5.4000001
v 11.2276611 9.94684029 7.19999981
v 11.2276611 9.94684029 9.0
v 11.2276611 9.94684029 10.8000002
v 11.2276611 9.94684029 12.6000004
v 11.2276611 9.94684029 14.3999996
v 11.2276611 9.94684029 16.2000008
v 11.2276611 9.94684029 18.0
v 11.2276611 9.94684029 19.7999992
v 11.2276611 9.94684029 21.6000004
v 11.2276611 9.94684029 23.3999996
v 11.2276611 9.94684029 25.2000008
v 12.344758 8.5209713 1.79999995
v 12.344758 8.5209713 3.5999999
v 12.344758 8.5209713 5.4000001
v 12.344758 8.5209713 7.19999981
v 12.344758 8.5209713 9.0
v 12.344758 8.5209713 10.8000002
v 12.344758 8.5209713 12.6000004
v 12.344758 8.5209713 14.3999996
v 12.344758 8.5209713 16.2000008
v 12.344758 8.5209713 18.0
v 12.344758 8.5209713 19.7999992
v 12.344758 8.5209713 21.6000004
v 12.344758 8.5209713 23.3999996
v 12.344758 8.5209713 25.2000008
v 13.2818403 6.97084761 1.79999995
v 13.2818403 6.97084761 3.5999999
v 13.2818403 6.97084761 5.4000001
v 13.2818403 6.97084761 7.19999981
v 13.2818403 6.97084761 9.0
v 13.2818403 6.97084761 10.8000002
v 13.2818403 6.97084761 12.6000004
v 13.2818403 6.97084761 14.3999996
v 13.2818403 6.97084761 16.2000008
v 13.2818403 6.97084761 18.0
v 13.2818403 6.97084761 19.7999992
v 13.2818403 6.97084761 21.6000004
v 13.2818403 6.97084761 23.3999996
v 13.2818403 6.97084761 25.2000008
v 14.0252438 5.3190732 1.79999995
v 14.0252438 5.3190732 3.5999999
v 14.0252438 5.3190732 5.4000001
v 14.0252438 5.3190732 7.19999981
v 14.0252438 5.3190732 9.0
v 14.0252438 5.3190732 10.8000002
v 14.0252438 5.3190732 12.6000004
v 14.0252438 5.3190732 14.3999996
v 14.0252438 5.3190732 16.2000008
v 14.0252438 5.3190732 18.0
v 14.0252438 5.3190732 19.7999992
v 14.0252438 5.3190732 21.6000004
v 14.0252438 5.3190732 23.3999996
v 14.0252438 5.3190732 25.2000008
v 14.564127 3.58973503 1.79999995
v 14.564127 3.58973503 3.5999999
v 14.564127 3.58973503 5.4000001
v 14.564127 3.58973503 7.19999981
v 14.564127 3.58973503 9.0
v 14.564127 3.58973503 10.8000002
v 14.564127 3.58973503 12.6000004
v 14.564127 3.58973503 14.3999996
v 14.564127 3.58973503 16.2000008
v 14.564127 3.58973503 18.0
v 14.564127 3.58973503 19.7999992
v 14.564127 3.58973503 21.6000004
v 14.564127 3.58973503 23.3999996
v 14.564127 3.58973503 25.2000008
v 14.8906336 1.80805016 1.79999995
v 14.8906336 1.80805016 3.5999999
v 14.8906336 1.80805016 5.4000001
v 14.8906336 1.80805016 7.19999981
v 14.8906336 1.80805016 9.0
v 14.8906336 1.80805016 10.8000002
v 14.8906336 1.80805016 12.6000004
v 14.8906336 1.80805016 14.3999996
v 14.8906336 1.80805016 16.2000008
v 14.8906336 1.80805016 18.0
v 14.8906336 1.80805016 19.7999992
v 14.8906336 1.80805016 21.6000004
v 14.8906336 1.80805016 23.3999996
v 14.8906336 1.80805016 25.2000008
v 1.80805016 -14.8906336 25.2000008
v 1.80805016 -14.8906336 23.3999996
v 1.80805016 -14.8906336 21.6000004
v 1.80805016 -14.8906336 19.7999992
v 1.80805016 -14.8906336 18.0
v 1.80805016 -14.8906336 16.2000008
v 1.80805016 -14.8906336 14.3999996
v 1.80805016 -14.8906336 12.6000004
v 1.80805016 -14.8906336 10.8000002
v 1.80805016 -14.8906336 9.0
v 1.80805016 -14.8906336 7.19999981
v 1.80805016 -14.8906336 5.4000001
v 1.80805016 -14.8906336 3.5999999
v 1.80805016 -14.8906336 1.79999995
v 3.58973503 -14.564127 25.2000008
v 3.58973503 -14.564127 23.3999996
v 3.58973503 -14.564127 21.6000004
v 3.58973503 -14.564127 19.7999992
v 3.58973503 -14.564127 18.0
v 3.58973503 -14.564127 16.2000008
v 3.58973503 -14.564127 14.3999996
v 3.58973503 -14.564127 12.6000004
v 3.58973503 -14.564127 10.8000002
v 3.58973503 -14.564127 9.0
v 3.58973503 -14.564127 7.19999981
v 3.58973503 -14.564127 5.4000001
v 3.58973503 -14.564127 3.5999999
v 3.58973503 -14.564127 1.79999995
v 5.3190732 -14.0252438 25.2000008
v 5.3190732 -14.0252438 23.3999996
v 5.3190732 -14.0252438 21.6000004
v 5.3190732 -14.0252438 19.7999992
v 5.3190732 -14.0252438 18.0
v 5.3190732 -14.0252438 16.2000008
v 5.3190732 -14.0252438 14.3999996
v 5.3190732 -14.0252438 12.6000004
v 5.3190732 -14.0252438 10.8000002
v 5.3190732 -14.0252438 9.0
v 5.3190732 -14.0252438 7.19999981
v 5.3190732 -14.0252438 5.4000001
v 5.3190732 -14.0252438 3.5999999
v 5.3190732 -14.0252438 1.79999995
v 6.97084761 -13.2818403 25.2000008
v 6.97084761 -13.2818403 23.3999996
v 6.97084761 -13.2818403 21.6000004
v 6.97084761 -13.2818403 19.7999992
v 6.97084761 -13.2818403 18.0
v 6.97084761 -13.2818403 16.2000008
v 6.97084761 -13.2818403 14.3999996
v 6.97084761 -13.2818403 12.6000004
v 6.97084761 -13.2818403 10.8000002
v 6.97084761 -13.2818403 9.0
v 6.97084761 -13.2818403 7.19999981
v 6.97084761 -13.2818403 5.4000001
v 6.97084761 -13.2818403 3.5999999
v 6.97084761 -13.2818403 1.79999995
v 8.5209713 -12.344758 25.2000008
v 8.5209713 -12.344758 23.3999996
v 8.5209713 -12.344758 21.6000004
v 8.5209713 -12.344758 19.7999992
v 8.5209713 -12.344758 18.0
v 8.5209713 -12.344758 16.2000008
v 8.5209713 -12.344758 14.3999996
v 8.5209713 -12.344758 12.6000004
v 8.5209713 -12.344758 10.8000002
v 8.5209713 -12.344758 9.0
v 8.5209713 -12.344758 7.19999981
v 8.5209713 -12.344758 5.4000001
v 8.5209713 -12.344758 3.5999999
v 8.5209713 -12.344758 1.79999995
v 9.94684029 -11.2276611 25.2000008
v 9.94684029 -11.2276611 23.3999996
v 9.94684029 -11.2276611 21.6000004
v 9.94684029 -11.2276611 19.7999992
v 9.94684029 -11.2276611 18.0
v 9.94684029 -11.2276611 16.2000008
v 9.94684029 -11.2276611 14.3999996
v 9.94684029 -11.2276611 12.6000004
v 9.94684029 -11.2276611 10.8000002
v 9.94684029 -11.2276611 9.0
v 9.94684029 -11.2276611 7.19999981
v 9.94684029 -11.2276611 5.4000001
v 9.94684029 -11.2276611 3.5999999
v 9.94684029 -11.2276611 1.79999995
v 11.2276611 -9.94684029 25.2000008
v 11.2276611 -9.94684029 23.3999996
v 11.2276611 -9.94684029 21.6000004
v 11.2276611 -9.94684029 19.7999992
v 11.2276611 -9.94684029 18.0
v 11.2276611 -9.94684029 16.2000008
v 11.2276611 -9.94684029 14.3999996
v 11.2276611 -9.94684029 12.6000004
v 11.2276611 -9.94684029 10.8000002
v 11.2276611 -9.94684029 9.0
v 11.2276611 -9.94684029 7.19999981
v 11.2276611 -9.94684029 5.4000001
v 11.2276611 -9.94684029 3.5999999
v 11.2276611 -9.94684029 1.79999995
v 12.344758 -8.5209713 25.2000008
v 12.344758 -8.5209713 23.3999996
v 12.344758 -8.5209713 21.6000004
v 12.344758 -8.5209713 19.7999992
v 12.344758 -8.5209713 18.0
v 12.344758 -8.5209713 16.2000008
v 12.344758 -8.5209713 14.3999996
v 12.344758 -8.5209713 12.6000004
v 12.344758 -8.5209713 10.8000002
v 12.344758 -8.5209713 9.0
v 12.344758 -8.5209713 7.19999981
v 12.344758 -8.5209713 5.4000001
v 12.344758 -8.5209713 3.5999999
v 12.344758 -8.5209713 1.79999995
v 13.2818403 -6.97084761 25.2000008
v 13.2818403 -6.97084761 23.3999996
v 13.2818403 -6.97084761 21.6000004
v 13.2818403 -6.97084761 19.7999992
v 13.2818403 -6.97084761 18.0
v 13.2818403 -6.97084761 16.2000008
v 13.2818403 -6.97084761 14.3999996
v 13.2818403 -6.97084761 12.6000004
v 13.2818403 -6.97084761 10.8000002
v 13.2818403 -6.97084761 9.0
v 13.2818403 -6.97084761 7.19999981
v 13.2818403 -6.97084761 5.4000001
v 13.2818403 -6.97084761 3.5999999
v 13.2818403 -6.97084761 1.79999995
v 14.0252438 -5.3190732 25.2000008
v 14.0252438 -5.3190732 23.3999996
v 14.0252438 -5.3190732 21.6000004
v 14.0252438 -5.3190732 19.7999992
v 14.0252438 -5.3190732 18.0
v 14.0252438 -5.3190732 16.2000008
v 14.0252438 -5.3190732 14.3999996
v 14.0252438 -5.3190732 12.6000004
v 14.0252438 -5.3190732 10.8000002
v 14.0252438 -5.3190732 9.0
v 14.0252438 -5.3190732 7.19999981
v 14.0252438 -5.3190732 5.4000001
v 14.0252438 -5.3190732 3.5999999
v 14.0252438 -5.3190732 1.79999995
v 14.564127 -3.58973503 25.2000008
v 14.564127 -3.58973503 23.3999996
v 14.564127 -3.58973503 21.6000004
v 14.564127 -3.58973503 19.7999992
v 14.564127 -3.58973503 18.0
v 14.564127 -3.58973503 16.2000008
v 14.564127 -3.58973503 14.3999996
v 14.564127 -3.58973503 12.6000004
v 14.564127 -3.58973503 10.8000002
v 14.564127 -3.58973503 9.0
v 14.564127 -3.58973503 7.19999981
v 14.564127 -3.58973503 5.4000001
v 14.564127 -3.58973503 3.5999999
v 14.564127 -3.58973503 1.79999995
v 14.8906336 -1.80805016 25.2000008
v 14.8906336 -1.80805016 23.3999996
v 14.8906336 -1.80805016 21.6000004
v 14.8906336 -1.80805016 19.7999992
v 14.8906336 -1.80805016 18.0
v 14.8906336 -1.80805016 16.2000008
v 14.8906336 -1.80805016 14.3999996
v 14.8906336 -1.80805016 12.6000004
v 14.8906336 -1.80805016 10.8000002
v 14.8906336 -1.80805016 9.0
v 14.8906336 -1.80805016 7.19999981
v 14.8906336 -1.80805016 5.4000001
v 14.8906336 -1.80805016 3.5999999
v 14.8906336 -1.80805016 1.79999995
f 15 16 213 212
f 16 17 214 213
f 17 18 215 214
f 18 19 216 215
f 19 20 217 216
f 20 21 218 217
f 21 1 22 218
f 212 213 220 219
f 213 214 221 220
f 214 215 222 221
f 215 216 223 222
f 216 217 224 223
f 217 218 225 224
f 218 22 23 225
f 219 220 227 226
f 220 221 228 227
f 221 222 229 228
f 222 223 230 229
f 223 224 231 230
f 224 225 232 231
f 225 23 24 232
f 226 227 234 233
f 227 228 235 234
f 228 229 236 235
f 229 230 237 236
f 230 231 238 237
f 231 232 239 238
f 232 24 25 239
f 233 234 241 240
f 234 235 242 241
f 235 236 243 242
f 236 237 244 243
f 237 238 245 244
f 238 239 246 245
f 239 25 26 246
f 240 241 248 247
f 241 242 249 248
f 242 243 250 249
f 243 244 251 250
f 244 245 252 251
f 245 246 253 252
f 246 26 27 253
f 247 248 255 254
f 248 249 256 255
f 249 250 257 256
f 250 251 258 257
f 251 252 259 258
f 252 253 260 259
f 253 27 28 260
f 28 29 261 260
f 29 30 262 261
f 30 31 263 262
f 31 32 264 263
f 32 33 265 264
f 33 2 34 265
f 260 261 266 259
f 261 262 267 266
f 262 263 268 267
f 263 264 269 268
f 264 265 270 269
f 265 34 35 270
f 259 266 271 258
f 266 267 272 271
f 267 268 273 272
f 268 269 274 273
f 269 270 275 274
f 270 35 36 275
f 258 271 276 257
f 271 272 277 276
f 272 273 278 277
f 273 274 279 278
f 274 275 280 279
f 275 36 37 280
f 257 276 281 256
f 276 277 282 281
f 277 278 283 282
f 278 279 284 283
f 279 280 285 284
f 280 37 38 285
f 256 281 286 255
f 281 282 287 286
f 282 283 288 287
f 283 284 289 288
f 284 285 290 289
f 285 38 39 290
f 255 286 291 254
f 286 287 292 291
f 287 288 293 292
f 288 289 294 293
f 289 290 295 294
f 290 39 40 295
f 40 41 296 295
f 41 42 297 296
f 42 43 298 297
f 43 44 299 298
f 44 45 300 299
f 45 46 301 300
f 46 3 10 301
f 295 296 302 294
f 296 297 303 302
f 297 298 304 303
f 298 299 305 304
f 299 300 306 305
f 300 301 307 306
f 301 10 11 307
f 294 302 308 293
f 302 303 309 308
f 303 304 310 309
f 304 305 311 310
f 305 306 312 311
f 306 307 313 312
f 307 11 12 313
f 293 308 314 292
f 308 309 315 314
f 309 310 316 315
f 310 311 317 316
f 311 312 318 317
f 312 313 319 318
f 313 12 13 319
f 292 314 320 291
f 314 315 321 320
f 315 316 322 321
f 316 317 323 322
f 317 318 324 323
f 318 319 325 324
f 319 13 14 325
f 291 320 247 254
f 320 321 240 247
f 321 322 233 240
f 322 323 226 233
f 323 324 219 226
f 324 325 212 219
f 325 14 15 212
f 326 327 28 29
f 327 328 29 30
f 328 329 30 31
f 329 330 31 32
f 330 331 32 33
f 331 47 33 2
f 332 333 326 327
f 333 334 327 328
f 334 335 328 329
f 335 336 329 330
f 336 337 330 331
f 337 48 331 47
f 338 339 332 333
f 339 340 333 334
f 340 341 334 335
f 341 342 335 336
f 342 343 336 337
f 343 49 337 48
f 344 345 338 339
f 345 346 339 340
f 346 347 340 341
f 347 348 341 342
f 348 349 342 343
f 349 50 343 49
f 350 351 344 345
f 351 352 345 346
f 352 353 346 347
f 353 354 347 348
f 354 355 348 349
f 355 51 349 50
f 356 357 350 351
f 357 358 351 352
f 358 359 352 353
f 359 360 353 354
f 360 361 354 355
f 361 52 355 51
f 362 363 356 357
f 363 364 357 358
f 364 365 358 359
f 365 366 359 360
f 366 367 360 361
f 367 53 361 52
f 60 368 1 22
f 368 369 22 23
f 369 370 23 24
f 370 371 24 25
f 371 372 25 26
f 372 373 26 27
f 373 326 27 28
f 61 374 60 368
f 374 375 368 369
f 375 376 369 370
f 376 377 370 371
f 377 378 371 372
f 378 379 372 373
f 379 332 373 326
f 62 380 61 374
f 380 381 374 375
f 381 382 375 376
f 382 383 376 377
f 383 384 377 378
f 384 385 378 379
f 385 338 379 332
f 63 386 62 380
f 386 387 380 381
f 387 388 381 382
f 388 389 382 383
f 389 390 383 384
f 390 391 384 385
f 391 344 385 338
f 64 392 63 386
f 392 393 386 387
f 393 394 387 388
f 394 395 388 389
f 395 396 389 390
f 396 397 390 391
f 397 350 391 344
f 65 398 64 392
f 398 399 392 393
f 399 400 393 394
f 400 401 394 395
f 401 402 395 396
f 402 403 396 397
f 403 356 397 350
f 66 404 65 398
f 404 405 398 399
f 405 406 399 400
f 406 407 400 401
f 407 408 401 402
f 408 409 402 403
f 409 362 403 356
f 66 67 410 404
f 67 68 411 410
f 68 69 412 411
f 69 70 413 412
f 70 71 414 413
f 71 4 59 414
f 404 410 415 405
f 410 411 416 415
f 411 412 417 416
f 412 413 418 417
f 413 414 419 418
f 414 59 58 419
f 405 415 420 406
f 415 416 421 420
f 416 417 422 421
f 417 418 423 422
f 418 419 424 423
f 419 58 57 424
f 406 420 425 407
f 420 421 426 425
f 421 422 427 426
f 422 423 428 427
f 423 424 429 428
f 424 57 56 429
f 407 425 430 408
f 425 426 431 430
f 426 427 432 431
f 427 428 433 432
f 428 429 434 433
f 429 56 55 434
f 408 430 435 409
f 430 431 436 435
f 431 432 437 436
f 432 433 438 437
f 433 434 439 438
f 434 55 54 439
f 409 435 363 362
f 435 436 364 363
f 436 437 365 364
f 437 438 366 365
f 438 439 367 366
f 439 54 53 367
f 84 440 5 72
f 440 441 72 73
f 441 442 73 74
f 442 443 74 75
f 443 444 75 76
f 444 445 76 77
f 445 446 77 78
f 85 447 84 440
f 447 448 440 441
f 448 449 441 442
f 449 450 442 443
f 450 451 443 444
f 451 452 444 445
f 452 453 445 446
f 86 454 85 447
f 454 455 447 448
f 455 456 448 449
f 456 457 449 450
f 457 458 450 451
f 458 459 451 452
f 459 460 452 453
f 87 461 86 454
f 461 462 454 455
f 462 463 455 456
f 463 464 456 457
f 464 465 457 458
f 465 466 458 459
f 466 467 459 460
f 88 468 87 461
f 468 469 461 462
f 469 470 462 463
f 470 471 463 464
f 471 472 464 465
f 472 473 465 466
f 473 474 466 467
f 89 475 88 468
f 475 476 468 469
f 476 477 469 470
f 477 478 470 471
f 478 479 471 472
f 479 480 472 473
f 480 481 473 474
f 90 482 89 475
f 482 483 475 476
f 483 484 476 477
f 484 485 477 478
f 485 486 478 479
f 486 487 479 480
f 487 488 480 481
f 446 489 78 79
f 489 490 79 80
f 490 491 80 81
f 491 492 81 82
f 492 493 82 83
f 493 34 83 2
f 453 494 446 489
f 494 495 489 490
f 495 496 490 491
f 496 497 491 492
f 497 498 492 493
f 498 35 493 34
f 460 499 453 494
f 499 500 494 495
f 500 501 495 496
f 501 502 496 497
f 502 503 497 498
f 503 36 498 35
f 467 504 460 499
f 504 505 499 500
f 505 506 500 501
f 506 507 501 502
f 507 508 502 503
f 508 37 503 36
f 474 509 467 504
f 509 510 504 505
f 510 511 505 506
f 511 512 506 507
f 512 513 507 508
f 513 38 508 37
f 481 514 474 509
f 514 515 509 510
f 515 516 510 511
f 516 517 511 512
f 517 518 512 513
f 518 39 513 38
f 488 519 481 514
f 519 520 514 515
f 520 521 515 516
f 521 522 516 517
f 522 523 517 518
f 523 40 518 39
f 523 524 40 41
f 524 525 41 42
f 525 526 42 43
f 526 527 43 44
f 527 528 44 45
f 528 529 45 46
f 529 95 46 3
f 522 530 523 524
f 530 531 524 525
f 531 532 525 526
f 532 533 526 527
f 533 534 527 528
f 534 535 528 529
f 535 94 529 95
f 521 536 522 530
f 536 537 530 531
f 537 538 531 532
f 538 539 532 533
f 539 540 533 534
f 540 541 534 535
f 541 93 535 94
f 520 542 521 536
f 542 543 536 537
f 543 544 537 538
f 544 545 538 539
f 545 546 539 540
f 546 547 540 541
f 547 92 541 93
f 519 548 520 542
f 548 549 542 543
f 549 550 543 544
f 550 551 544 545
f 551 552 545 546
f 552 553 546 547
f 553 91 547 92
f 488 487 519 548
f 487 486 548 549
f 486 485 549 550
f 485 484 550 551
f 484 483 551 552
f 483 482 552 553
f 482 90 553 91
f 7 109 554 124
f 109 108 555 554
f 108 107 556 555
f 107 106 557 556
f 106 105 558 557
f 105 104 559 558
f 104 103 560 559
f 103 102 561 560
f 102 101 562 561
f 101 100 563 562
f 100 99 564 563
f 99 98 565 564
f 98 97 566 565
f 97 96 567 566
f 96 5 84 567
f 124 554 568 125
f 554 555 569 568
f 555 556 570 569
f 556 557 571 570
f 557 558 572 571
f 558 559 573 572
f 559 560 574 573
f 560 561 575 574
f 561 562 576 575
f 562 563 577 576
f 563 564 578 577
f 564 565 579 578
f 565 566 580 579
f 566 567 581 580
f 567 84 85 581
f 125 568 582 126
f 568 569 583 582
f 569 570 584 583
f 570 571 585 584
f 571 572 586 585
f 572 573 587 586
f 573 574 588 587
f 574 575 589 588
f 575 576 590 589
f 576 577 591 590
f 577 578 592 591
f 578 579 593 592
f 579 580 594 593
f 580 581 595 594
f 581 85 86 595
f 126 582 596 127
f 582 583 597 596
f 583 584 598 597
f 584 585 599 598
f 585 586 600 599
f 586 587 601 600
f 587 588 602 601
f 588 589 603 602
f 589 590 604 603
f 590 591 605 604
f 591 592 606 605
f 592 593 607 606
f 593 594 608 607
f 594 595 609 608
f 595 86 87 609
f 127 596 610 128
f 596 597 611 610
f 597 598 612 611
f 598 599 613 612
f 599 600 614 613
f 600 601 615 614
f 601 602 616 615
f 602 603 617 616
f 603 604 618 617
f 604 605 619 618
f 605 606 620 619
f 606 607 621 620
f 607 608 622 621
f 608 609 623 622
f 609 87 88 623
f 128 610 624 129
f 610 611 625 624
f 611 612 626 625
f 612 613 627 626
f 613 614 628 627
f 614 615 629 628
f 615 616 630 629
f 616 617 631 630
f 617 618 632 631
f 618 619 633 632
f 619 620 634 633
f 620 621 635 634
f 621 622 636 635
f 622 623 637 636
f 623 88 89 637
f 129 624 638 130
f 624 625 639 638
f 625 626 640 639
f 626 627 641 640
f 627 628 642 641
f 628 629 643 642
f 629 630 644 643
f 630 631 645 644
f 631 632 646 645
f 632 633 647 646
f 633 634 648 647
f 634 635 649 648
f 635 636 650 649
f 636 637 651 650
f 637 89 90 651
f 130 638 652 131
f 638 639 653 652
f 639 640 654 653
f 640 641 655 654
f 641 642 656 655
f 642 643 657 656
f 643 644 658 657
f 644 645 659 658
f 645 646 660 659
f 646 647 661 660
f 647 648 662 661
f 648 649 663 662
f 649 650 664 663
f 650 651 665 664
f 651 90 91 665
f 131 652 666 132
f 652 653 667 666
f 653 654 668 667
f 654 655 669 668
f 655 656 670 669
f 656 657 671 670
f 657 658 672 671
f 658 659 673 672
f 659 660 674 673
f 660 661 675 674
f 661 662 676 675
f 662 663 677 676
f 663 664 678 677
f 664 665 679 678
f 665 91 92 679
f 132 666 680 133
f 666 667 681 680
f 667 668 682 681
f 668 669 683 682
f 669 670 684 683
f 670 671 685 684
f 671 672 686 685
f 672 673 687 686
f 673 674 688 687
f 674 675 689 688
f 675 676 690 689
f 676 677 691 690
f 677 678 692 691
f 678 679 693 692
f 679 92 93 693
f 133 680 694 134
f 680 681 695 694
f 681 682 696 695
f 682 683 697 696
f 683 684 698 697
f 684 685 699 698
f 685 686 700 699
f 686 687 701 700
f 687 688 702 701
f 688 689 703 702
f 689 690 704 703
f 690 691 705 704
f 691 692 706 705
f 692 693 707 706
f 693 93 94 707
f 134 694 708 135
f 694 695 709 708
f 695 696 710 709
f 696 697 711 710
f 697 698 712 711
f 698 699 713 712
f 699 700 714 713
f 700 701 715 714
f 701 702 716 715
f 702 703 717 716
f 703 704 718 717
f 704 705 719 718
f 705 706 720 719
f 706 707 721 720
f 707 94 95 721
f 135 708 110 6
f 708 709 111 110
f 709 710 112 111
f 710 711 113 112
f 711 712 114 113
f 712 713 115 114
f 713 714 116 115
f 714 715 117 116
f 715 716 118 117
f 716 717 119 118
f 717 718 120 119
f 718 719 121 120
f 719 720 122 121
f 720 721 123 122
f 721 95 3 123
f 6 110 876 150
f 110 111 877 876
f 111 112 878 877
f 112 113 879 878
f 113 114 880 879
f 114 115 881 880
f 115 116 882 881
f 116 117 883 882
f 117 118 884 883
f 118 119 885 884
f 119 120 886 885
f 120 121 887 886
f 121 122 888 887
f 122 123 889 888
f 123 3 10 889
f 150 876 862 151
f 876 877 863 862
f 877 878 864 863
f 878 879 865 864
f 879 880 866 865
f 880 881 867 866
f 881 882 868 867
f 882 883 869 868
f 883 884 870 869
f 884 885 871 870
f 885 886 872 871
f 886 887 873 872
f 887 888 874 873
f 888 889 875 874
f 889 10 11 875
f 151 862 848 152
f 862 863 849 848
f 863 864 850 849
f 864 865 851 850
f 865 866 852 851
f 866 867 853 852
f 867 868 854 853
f 868 869 855 854
f 869 870 856 855
f 870 871 857 856
f 871 872 858 857
f 872 873 859 858
f 873 874 860 859
f 874 875 861 860
f 875 11 12 861
f 152 848 834 153
f 848 849 835 834
f 849 850 836 835
f 850 851 837 836
f 851 852 838 837
f 852 853 839 838
f 853 854 840 839
f 854 855 841 840
f 855 856 842 841
f 856 857 843 842
f 857 858 844 843
f 858 859 845 844
f 859 860 846 845
f 860 861 847 846
f 861 12 13 847
f 153 834 820 154
f 834 835 821 820
f 835 836 822 821
f 836 837 823 822
f 837 838 824 823
f 838 839 825 824
f 839 840 826 825
f 840 841 827 826
f 841 842 828 827
f 842 843 829 828
f 843 844 830 829
f 844 845 831 830
f 845 846 832 831
f 846 847 833 832
f 847 13 14 833
f 154 820 806 155
f 820 821 807 806
f 821 822 808 807
f 822 823 809 808
f 823 824 810 809
f 824 825 811 810
f 825 826 812 811
f 826 827 813 812
f 827 828 814 813
f 828 829 815 814
f 829 830 816 815
f 830 831 817 816
f 831 832 818 817
f 832 833 819 818
f 833 14 15 819
f 155 806 792 156
f 806 807 793 792
f 807 808 794 793
f 808 809 795 794
f 809 810 796 795
f 810 811 797 796
f 811 812 798 797
f 812 813 799 798
f 813 814 800 799
f 814 815 801 800
f 815 816 802 801
f 816 817 803 802
f 817 818 804 803
f 818 819 805 804
f 819 15 16 805
f 156 792 778 157
f 792 793 779 778
f 793 794 780 779
f 794 795 781 780
f 795 796 782 781
f 796 797 783 782
f 797 798 784 783
f 798 799 785 784
f 799 800 786 785
f 800 801 787 786
f 801 802 788 787
f 802 803 789 788
f 803 804 790 789
f 804 805 791 790
f 805 16 17 791
f 157 778 764 158
f 778 779 765 764
f 779 780 766 765
f 780 781 767 766
f 781 782 768 767
f 782 783 769 768
f 783 784 770 769
f 784 785 771 770
f 785 786 772 771
f 786 787 773 772
f 787 788 774 773
f 788 789 775 774
f 789 790 776 775
f 790 791 777 776
f 791 17 18 777
f 158 764 750 159
f 764 765 751 750
f 765 766 752 751
f 766 767 753 752
f 767 768 754 753
f 768 769 755 754
f 769 770 756 755
f 770 771 757 756
f 771 772 758 757
f 772 773 759 758
f 773 774 760 759
f 774 775 761 760
f 775 776 762 761
f 776 777 763 762
f 777 18 19 763
f 159 750 736 160
f 750 751 737 736
f 751 752 738 737
f 752 753 739 738
f 753 754 740 739
f 754 755 741 740
f 755 756 742 741
f 756 757 743 742
f 757 758 744 743
f 758 759 745 744
f 759 760 746 745
f 760 761 747 746
f 761 762 748 747
f 762 763 749 748
f 763 19 20 749
f 160 736 722 161
f 736 737 723 722
f 737 738 724 723
f 738 739 725 724
f 739 740 726 725
f 740 741 727 726
f 741 742 728 727
f 742 743 729 728
f 743 744 730 729
f 744 745 731 730
f 745 746 732 731
f 746 747 733 732
f 747 748 734 733
f 748 749 735 734
f 749 20 21 735
f 161 722 136 8
f 722 723 137 136
f 723 724 138 137
f 724 725 139 138
f 725 726 140 139
f 726 727 141 140
f 727 728 142 141
f 728 729 143 142
f 729 730 144 143
f 730 731 145 144
f 731 732 146 145
f 732 733 147 146
f 733 734 148 147
f 734 735 149 148
f 735 21 1 149
f 890 891 78 77
f 891 892 77 76
f 892 893 76 75
f 893 894 75 74
f 894 895 74 73
f 895 896 73 72
f 896 162 72 5
f 897 898 890 891
f 898 899 891 892
f 899 900 892 893
f 900 901 893 894
f 901 902 894 895
f 902 903 895 896
f 903 163 896 162
f 904 905 897 898
f 905 906 898 899
f 906 907 899 900
f 907 908 900 901
f 908 909 901 902
f 909 910 902 903
f 910 164 903 163
f 911 912 904 905
f 912 913 905 906
f 913 914 906 907
f 914 915 907 908
f 915 916 908 909
f 916 917 909 910
f 917 165 910 164
f 918 919 911 912
f 919 920 912 913
f 920 921 913 914
f 921 922 914 915
f 922 923 915 916
f 923 924 916 917
f 924 166 917 165
f 925 926 918 919
f 926 927 919 920
f 927 928 920 921
f 928 929 921 922
f 929 930 922 923
f 930 931 923 924
f 931 167 924 166
f 932 933 925 926
f 933 934 926 927
f 934 935 927 928
f 935 936 928 929
f 936 937 929 930
f 937 938 930 931
f 938 168 931 167
f 47 939 2 83
f 939 940 83 82
f 940 941 82 81
f 941 942 81 80
f 942 943 80 79
f 943 890 79 78
f 48 944 47 939
f 944 945 939 940
f 945 946 940 941
f 946 947 941 942
f 947 948 942 943
f 948 897 943 890
f 49 949 48 944
f 949 950 944 945
f 950 951 945 946
f 951 952 946 947
f 952 953 947 948
f 953 904 948 897
f 50 954 49 949
f 954 955 949 950
f 955 956 950 951
f 956 957 951 952
f 957 958 952 953
f 958 911 953 904
f 51 959 50 954
f 959 960 954 955
f 960 961 955 956
f 961 962 956 957
f 962 963 957 958
f 963 918 958 911
f 52 964 51 959
f 964 965 959 960
f 965 966 960 961
f 966 967 961 962
f 967 968 962 963
f 968 925 963 918
f 53 969 52 964
f 969 970 964 965
f 970 971 965 966
f 971 972 966 967
f 972 973 967 968
f 973 932 968 925
f 173 974 4 59
f 974 975 59 58
f 975 976 58 57
f 976 977 57 56
f 977 978 56 55
f 978 979 55 54
f 979 969 54 53
f 172 980 173 974
f 980 981 974 975
f 981 982 975 976
f 982 983 976 977
f 983 984 977 978
f 984 985 978 979
f 985 970 979 969
f 171 986 172 980
f 986 987 980 981
f 987 988 981 982
f 988 989 982 983
f 989 990 983 984
f 990 991 984 985
f 991 971 985 970
f 170 992 171 986
f 992 993 986 987
f 993 994 987 988
f 994 995 988 989
f 995 996 989 990
f 996 997 990 991
f 997 972 991 971
f 169 998 170 992
f 998 999 992 993
f 999 1000 993 994
f 1000 1001 994 995
f 1001 1002 995 996
f 1002 1003 996 997
f 1003 973 997 972
f 168 938 169 998
f 938 937 998 999
f 937 936 999 1000
f 936 935 1000 1001
f 935 934 1001 1002
f 934 933 1002 1003
f 933 932 1003 973
f 7 109 1004 199
f 109 108 1005 1004
f 108 107 1006 1005
f 107 106 1007 1006
f 106 105 1008 1007
f 105 104 1009 1008
f 104 103 1010 1009
f 103 102 1011 1010
f 102 101 1012 1011
f 101 100 1013 1012
f 100 99 1014 1013
f 99 98 1015 1014
f 98 97 1016 1015
f 97 96 1017 1016
f 96 5 162 1017
f 199 1004 1018 198
f 1004 1005 1019 1018
f 1005 1006 1020 1019
f 1006 1007 1021 1020
f 1007 1008 1022 1021
f 1008 1009 1023 1022
f 1009 1010 1024 1023
f 1010 1011 1025 1024
f 1011 1012 1026 1025
f 1012 1013 1027 1026
f 1013 1014 1028 1027
f 1014 1015 1029 1028
f 1015 1016 1030 1029
f 1016 1017 1031 1030
f 1017 162 163 1031
f 198 1018 1032 197
f 1018 1019 1033 1032
f 1019 1020 1034 1033
f 1020 1021 1035 1034
f 1021 1022 1036 1035
f 1022 1023 1037 1036
f 1023 1024 1038 1037
f 1024 1025 1039 1038
f 1025 1026 1040 1039
f 1026 1027 1041 1040
f 1027 1028 1042 1041
f 1028 1029 1043 1042
f 1029 1030 1044 1043
f 1030 1031 1045 1044
f 1031 163 164 1045
f 197 1032 1046 196
f 1032 1033 1047 1046
f 1033 1034 1048 1047
f 1034 1035 1049 1048
f 1035 1036 1050 1049
f 1036 1037 1051 1050
f 1037 1038 1052 1051
f 1038 1039 1053 1052
f 1039 1040 1054 1053
f 1040 1041 1055 1054
f 1041 1042 1056 1055
f 1042 1043 1057 1056
f 1043 1044 1058 1057
f 1044 1045 1059 1058
f 1045 164 165 1059
f 196 1046 1060 195
f 1046 1047 1061 1060
f 1047 1048 1062 1061
f 1048 1049 1063 1062
f 1049 1050 1064 1063
f 1050 1051 1065 1064
f 1051 1052 1066 1065
f 1052 1053 1067 1066
f 1053 1054 1068 1067
f 1054 1055 1069 1068
f 1055 1056 1070 1069
f 1056 1057 1071 1070
f 1057 1058 1072 1071
f 1058 1059 1073 1072
f 1059 165 166 1073
f 195 1060 1074 194
f 1060 1061 1075 1074
f 1061 1062 1076 1075
f 1062 1063 1077 1076
f 1063 1064 1078 1077
f 1064 1065 1079 1078
f 1065 1066 1080 1079
f 1066 1067 1081 1080
f 1067 1068 1082 1081
f 1068 1069 1083 1082
f 1069 1070 1084 1083
f 1070 1071 1085 1084
f 1071 1072 1086 1085
f 1072 1073 1087 1086
f 1073 166 167 1087
f 194 1074 1088 193
f 1074 1075 1089 1088
f 1075 1076 1090 1089
f 1076 1077 1091 1090
f 1077 1078 1092 1091
f 1078 1079 1093 1092
f 1079 1080 1094 1093
f 1080 1081 1095 1094
f 1081 1082 1096 1095
f 1082 1083 1097 1096
f 1083 1084 1098 1097
f 1084 1085 1099 1098
f 1085 1086 1100 1099
f 1086 1087 1101 1100
f 1087 167 168 1101
f 193 1088 1102 192
f 1088 1089 1103 1102
f 1089 1090 1104 1103
f 1090 1091 1105 1104
f 1091 1092 1106 1105
f 1092 1093 1107 1106
f 1093 1094 1108 1107
f 1094 1095 1109 1108
f 1095 1096 1110 1109
f 1096 1097 1111 1110
f 1097 1098 1112 1111
f 1098 1099 1113 1112
f 1099 1100 1114 1113
f 1100 1101 1115 1114
f 1101 168 169 1115
f 192 1102 1116 191
f 1102 1103 1117 1116
f 1103 1104 1118 1117
f 1104 1105 1119 1118
f 1105 1106 1120 1119
f 1106 1107 1121 1120
f 1107 1108 1122 1121
f 1108 1109 1123 1122
f 1109 1110 1124 1123
f 1110 1111 1125 1124
f 1111 1112 1126 1125
f 1112 1113 1127 1126
f 1113 1114 1128 1127
f 1114 1115 1129 1128
f 1115 169 170 1129
f 191 1116 1130 190
f 1116 1117 1131 1130
f 1117 1118 1132 1131
f 1118 1119 1133 1132
f 1119 1120 1134 1133
f 1120 1121 1135 1134
f 1121 1122 1136 1135
f 1122 1123 1137 1136
f 1123 1124 1138 1137
f 1124 1125 1139 1138
f 1125 1126 1140 1139
f 1126 1127 1141 1140
f 1127 1128 1142 1141
f 1128 1129 1143 1142
f 1129 170 171 1143
f 190 1130 1144 189
f 1130 1131 1145 1144
f 1131 1132 1146 1145
f 1132 1133 1147 1146
f 1133 1134 1148 1147
f 1134 1135 1149 1148
f 1135 1136 1150 1149
f 1136 1137 1151 1150
f 1137 1138 1152 1151
f 1138 1139 1153 1152
f 1139 1140 1154 1153
f 1140 1141 1155 1154
f 1141 1142 1156 1155
f 1142 1143 1157 1156
f 1143 171 172 1157
f 189 1144 1158 188
f 1144 1145 1159 1158
f 1145 1146 1160 1159
f 1146 1147 1161 1160
f 1147 1148 1162 1161
f 1148 1149 1163 1162
f 1149 1150 1164 1163
f 1150 1151 1165 1164
f 1151 1152 1166 1165
f 1152 1153 1167 1166
f 1153 1154 1168 1167
f 1154 1155 1169 1168
f 1155 1156 1170 1169
f 1156 1157 1171 1170
f 1157 172 173 1171
f 188 1158 187 9
f 1158 1159 186 187
f 1159 1160 185 186
f 1160 1161 184 185
f 1161 1162 183 184
f 1162 1163 182 183
f 1163 1164 181 182
f 1164 1165 180 181
f 1165 1166 179 180
f 1166 1167 178 179
f 1167 1168 177 178
f 1168 1169 176 177
f 1169 1170 175 176
f 1170 1171 174 175
f 1171 173 4 174
f 9 187 1339 211
f 187 186 1338 1339
f 186 185 1337 1338
f 185 184 1336 1337
f 184 183 1335 1336
f 183 182 1334 1335
f 182 181 1333 1334
f 181 180 1332 1333
f 180 179 1331 1332
f 179 178 1330 1331
f 178 177 1329 1330
f 177 176 1328 1329
f 176 175 1327 1328
f 175 174 1326 1327
f 174 4 71 1326
f 211 1339 1325 210
f 1339 1338 1324 1325
f 1338 1337 1323 1324
f 1337 1336 1322 1323
f 1336 1335 1321 1322
f 1335 1334 1320 1321
f 1334 1333 1319 1320
f 1333 1332 1318 1319
f 1332 1331 1317 1318
f 1331 1330 1316 1317
f 1330 1329 1315 1316
f 1329 1328 1314 1315
f 1328 1327 1313 1314
f 1327 1326 1312 1313
f 1326 71 70 1312
f 210 1325 1311 209
f 1325 1324 1310 1311
f 1324 1323 1309 1310
f 1323 1322 1308 1309
f 1322 1321 1307 1308
f 1321 1320 1306 1307
f 1320 1319 1305 1306
f 1319 1318 1304 1305
f 1318 1317 1303 1304
f 1317 1316 1302 1303
f 1316 1315 1301 1302
f 1315 1314 1300 1301
f 1314 1313 1299 1300
f 1313 1312 1298 1299
f 1312 70 69 1298
f 209 1311 1297 208
f 1311 1310 1296 1297
f 1310 1309 1295 1296
f 1309 1308 1294 1295
f 1308 1307 1293 1294
f 1307 1306 1292 1293
f 1306 1305 1291 1292
f 1305 1304 1290 1291
f 1304 1303 1289 1290
f 1303 1302 1288 1289
f 1302 1301 1287 1288
f 1301 1300 1286 1287
f 1300 1299 1285 1286
f 1299 1298 1284 1285
f 1298 69 68 1284
f 208 1297 1283 207
f 1297 1296 1282 1283
f 1296 1295 1281 1282
f 1295 1294 1280 1281
f 1294 1293 1279 1280
f 1293 1292 1278 1279
f 1292 1291 1277 1278
f 1291 1290 1276 1277
f 1290 1289 1275 1276
f 1289 1288 1274 1275
f 1288 1287 1273 1274
f 1287 1286 1272 1273
f 1286 1285 1271 1272
f 1285 1284 1270 1271
f 1284 68 67 1270
f 207 1283 1269 206
f 1283 1282 1268 1269
f 1282 1281 1267 1268
f 1281 1280 1266 1267
f 1280 1279 1265 1266
f 1279 1278 1264 1265
f 1278 1277 1263 1264
f 1277 1276 1262 1263
f 1276 1275 1261 1262
f 1275 1274 1260 1261
f 1274 1273 1259 1260
f 1273 1272 1258 1259
f 1272 1271 1257 1258
f 1271 1270 1256 1257
f 1270 67 66 1256
f 206 1269 1255 205
f 1269 1268 1254 1255
f 1268 1267 1253 1254
f 1267 1266 1252 1253
f 1266 1265 1251 1252
f 1265 1264 1250 1251
f 1264 1263 1249 1250
f 1263 1262 1248 1249
f 1262 1261 1247 1248
f 1261 1260 1246 1247
f 1260 1259 1245 1246
f 1259 1258 1244 1245
f 1258 1257 1243 1244
f 1257 1256 1242 1243
f 1256 66 65 1242
f 205 1255 1241 204
f 1255 1254 1240 1241
f 1254 1253 1239 1240
f 1253 1252 1238 1239
f 1252 1251 1237 1238
f 1251 1250 1236 1237
f 1250 1249 1235 1236
f 1249 1248 1234 1235
f 1248 1247 1233 1234
f 1247 1246 1232 1233
f 1246 1245 1231 1232
f 1245 1244 1230 1231
f 1244 1243 1229 1230
f 1243 1242 1228 1229
f 1242 65 64 1228
f 204 1241 1227 203
f 1241 1240 1226 1227
f 1240 1239 1225 1226
f 1239 1238 1224 1225
f 1238 1237 1223 1224
f 1237 1236 1222 1223
f 1236 1235 1221 1222
f 1235 1234 1220 1221
f 1234 1233 1219 1220
f 1233 1232 1218 1219
f 1232 1231 1217 1218
f 1231 1230 1216 1217
f 1230 1229 1215 1216
f 1229 1228 1214 1215
f 1228 64 63 1214
f 203 1227 1213 202
f 1227 1226 1212 1213
f 1226 1225 1211 1212
f 1225 1224 1210 1211
f 1224 1223 1209 1210
f 1223 1222 1208 1209
f 1222 1221 1207 1208
f 1221 1220 1206 1207
f 1220 1219 1205 1206
f 1219 1218 1204 1205
f 1218 1217 1203 1204
f 1217 1216 1202 1203
f 1216 1215 1201 1202
f 1215 1214 1200 1201
f 1214 63 62 1200
f 202 1213 1199 201
f 1213 1212 1198 1199
f 1212 1211 1197 1198
f 1211 1210 1196 1197
f 1210 1209 1195 1196
f 1209 1208 1194 1195
f 1208 1207 1193 1194
f 1207 1206 1192 1193
f 1206 1205 1191 1192
f 1205 1204 1190 1191
f 1204 1203 1189 1190
f 1203 1202 1188 1189
f 1202 1201 1187 1188
f 1201 1200 1186 1187
f 1200 62 61 1186
f 201 1199 1185 200
f 1199 1198 1184 1185
f 1198 1197 1183 1184
f 1197 1196 1182 1183
f 1196 1195 1181 1182
f 1195 1194 1180 1181
f 1194 1193 1179 1180
f 1193 1192 1178 1179
f 1192 1191 1177 1178
f 1191 1190 1176 1177
f 1190 1189 1175 1176
f 1189 1188 1174 1175
f 1188 1187 1173 1174
f 1187 1186 1172 1173
f 1186 61 60 1172
f 200 1185 136 8
f 1185 1184 137 136
f 1184 1183 138 137
f 1183 1182 139 138
f 1182 1181 140 139
f 1181 1180 141 140
f 1180 1179 142 141
f 1179 1178 143 142
f 1178 1177 144 143
f 1177 1176 145 144
f 1176 1175 146 145
f 1175 1174 147 146
f 1174 1173 148 147
f 1173 1172 149 148
f 1172 60 1 149
