1
12
23
34
45
56
67
78
89
100
111
122
133
144
155
166
177
188
199
210
221
232
243
254
265
276
287
298
309
320
331
342
353
364
375
386
397
408
419
430
441
452
463
474
485
496
507
518
529
540
551
562
573
584
595
606
617
628
639
650
661
672
683
694
705
716
727
738
749
760
771
782
793
804
815
826
837
848
859
870
881
892
903
914
925
936
947
958
969
980
991
1002
1013
1024
1035
1046
1057
1068
1079
1090
1101
1112
1123
1134
1145
1156
1167
1178
1189
1200
1211
1222
1233
1244
1255
1266
1277
1288
1299
1310
1321
1332
1343
1354
1365
1376
1387
1398
1409
1420
1431
1442
1453
1464
1475
1486
1497
1508
1519
1530
1541
1552
1563
1574
1585
1596
1607
1618
1629
1640
1651
1662
1673
1684
1695
1706
1717
1728
1739
1750
1761
1772
1783
1794
1805
1816
1827
1838
1849
1860
1871
1882
1893
1904
1915
1926
1937
1948
1959
1970
1981
1992
2003
2014
2025
2036
2047
2058
2069
2080
2091
2102
2113
2124
2135
2146
2157
2168
2179
2190
2201
2212
2223
2234
2245
2256
2267
2278
2289
2300
2311
2322
2333
2344
2355
2366
2377
2388
2399
2410
2421
2432
2443
2454
2465
2476
2487
2498
2509
2520
2531
2542
2553
2564
2575
2586
2597
2608
2619
2630
2641
2652
2663
2674
2685
2696
2707
2718
2729
2740
2751
2762
2773
2784
2795
2806
2817
2828
2839
2850
2861
2872
2883
2894
2905
2916
2927
2938
2949
2960
2971
2982
2993
3004
3015
3026
3037
3048
3059
3070
3081
3092
3103
3114
3125
3136
3147
3158
3169
3180
3191
3202
3213
3224
3235
3246
3257
3268
3279
3290
3301
3312
3323
3334
3345
3356
3367
3378
3389
3400
3411
3422
3433
3444
3455
3466
3477
3488
3499
3510
3521
3532
3543
3554
3565
3576
3587
3598
3609
3620
3631
3642
3653
3664
3675
3686
3697
3708
3719
3730
3741
3752
3763
3774
3785
3796
3807
3818
3829
3840
3851
3862
3873
3884
3895
3906
3917
3928
3939
3950
3961
3972
3983
3994
4005
4016
4027
4038
4049
4060
4071
4082
4093
4104
4115
4126
4137
4148
4159
4170
4181
4192
4203
4214
4225
4236
4247
4258
4269
4280
4291
4302
4313
4324
4335
4346
4357
4368
4379
4390
4401
4412
4423
4434
4445
4456
4467
4478
4489
4500
4511
4522
4533
4544
4555
4566
4577
4588
4599
4610
4621
4632
4643
4654
4665
4676
4687
4698
4709
4720
4731
4742
4753
4764
4775
4786
4797
4808
4819
4830
4841
4852
4863
4874
4885
4896
4907
4918
4929
4940
4951
4962
4973
4984
4995
5006
5017
5028
5039
5050
5061
5072
5083
5094
5105
5116
5127
5138
5149
5160
5171
5182
5193
5204
5215
5226
5237
5248
5259
5270
5281
5292
5303
5314
5325
5336
5347
5358
5369
5380
5391
5402
5413
5424
5435
5446
5457
5468
5479
5490
5501
5512
5523
5534
5545
5556
5567
5578
5589
5600
5611
5622
5633
5644
5655
5666
5677
5688
5699
5710
5721
5732
5743
5754
5765
5776
5787
5798
5809
5820
5831
5842
5853
5864
5875
5886
5897
5908
5919
5930
5941
5952
5963
5974
5985
5996
6007
6018
6029
6040
6051
6062
6073
6084
6095
6106
6117
6128
6139
6150
6161
6172
6183
6194
6205
6216
6227
6238
6249
6260
6271
6282
6293
6304
6315
6326
6337
6348
6359
6370
6381
6392
6403
6414
6425
6436
6447
6458
6469
6480
6491
6502
6513
6524
6535
6546
6557
6568
6579
6590
6601
6612
6623
6634
6645
6656
6667
6678
6689
6700
6711
6722
6733
6744
6755
6766
6777
6788
6799
6810
6821
6832
6843
6854
6865
6876
6887
6898
6909
6920
6931
6942
6953
6964
6975
6986
6997
7008
7019
7030
7041
7052
7063
7074
7085
7096
7107
7118
7129
7140
7151
7162
7173
7184
7195
7206
7217
7228
7239
7250
7261
7272
7283
7294
7305
7316
7327
7338
7349
7360
7371
7382
7393
7404
7415
7426
7437
7448
7459
7470
7481
7492
7503
7514
7525
7536
7547
7558
7569
7580
7591
7602
7613
7624
7635
7646
7657
7668
7679
7690
7701
7712
7723
7734
7745
7756
7767
7778
7789
7800
7811
7822
7833
7844
7855
7866
7877
7888
7899
7910
7921
7932
7943
7954
7965
7976
7987
7998
8009
8020
8031
8042
8053
8064
8075
8086
8097
8108
8119
8130
8141
8152
8163
8174
8185
8196
8207
8218
8229
8240
8251
8262
8273
8284
8295
8306
8317
8328
8339
8350
8361
8372
8383
8394
8405
8416
8427
8438
8449
8460
8471
8482
8493
8504
8515
8526
8537
8548
8559
8570
8581
8592
8603
8614
8625
8636
8647
8658
8669
8680
8691
8702
8713
8724
8735
8746
8757
8768
8779
8790
8801
8812
8823
8834
8845
8856
8867
8878
8889
8900
8911
8922
8933
8944
8955
8966
8977
8988
8999
9010
9021
9032
9043
9054
9065
9076
9087
9098
9109
9120
9131
9142
9153
9164
9175
9186
9197
9208
9219
9230
9241
9252
9263
9274
9285
9296
9307
9318
9329
9340
9351
9362
9373
9384
9395
9406
9417
9428
9439
9450
9461
9472
9483
9494
9505
9516
9527
9538
9549
9560
9571
9582
9593
9604
9615
9626
9637
9648
9659
9670
9681
9692
9703
9714
9725
9736
9747
9758
9769
9780
9791
9802
9813
9824
9835
9846
9857
9868
9879
9890
9901
9912
9923
9934
9945
9956
9967
9978
9989
10000
10011
10022
10033
10044
10055
10066
10077
10088
10099
10110
10121
10132
10143
10154
10165
10176
10187
10198
10209
10220
10231
10242
10253
10264
10275
10286
10297
10308
10319
10330
10341
10352
10363
10374
10385
10396
10407
10418
10429
10440
10451
10462
10473
10484
10495
10506
10517
10528
10539
10550
10561
10572
10583
10594
10605
10616
10627
10638
10649
10660
10671
10682
10693
10704
10715
10726
10737
10748
10759
10770
10781
10792
10803
10814
10825
10836
10847
10858
10869
10880
10891
10902
10913
10924
10935
10946
10957
10968
10979
10990
11001
11012
11023
11034
11045
11056
11067
11078
11089
11100
11111
11122
11133
11144
11155
11166
11177
11188
11199
11210
11221
11232
11243
11254
11265
11276
11287
11298
11309
11320
11331
11342
11353
11364
11375
11386
11397
11408
11419
11430
11441
11452
11463
11474
11485
11496
11507
11518
11529
11540
11551
11562
11573
11584
11595
11606
11617
11628
11639
11650
11661
11672
11683
11694
11705
11716
11727
11738
11749
11760
11771
11782
11793
11804
11815
11826
11837
11848
11859
11870
11881
11892
11903
11914
11925
11936
11947
11958
11969
11980
11991
12002
12013
12024
12035
12046
12057
12068
12079
12090
12101
12112
12123
12134
12145
12156
12167
12178
12189
12200
12211
12222
12233
12244
12255
12266
12277
12288
12299
12310
12321
12332
12343
12354
12365
12376
12387
12398
12409
12420
12431
12442
12453
12464
12475
12486
12497
12508
12519
12530
12541
12552
12563
12574
12585
12596
12607
12618
12629
12640
12651
12662
12673
12684
12695
12706
12717
12728
12739
12750
12761
12772
12783
12794
12805
12816
12827
12838
12849
12860
12871
12882
12893
12904
12915
12926
12937
12948
12959
12970
12981
12992
13003
13014
13025
13036
13047
13058
13069
13080
13091
13102
13113
13124
13135
13146
13157
13168
13179
13190
13201
13212
13223
13234
13245
13256
13267
13278
13289
13300
13311
13322
13333
13344
13355
13366
13377
13388
13399
13410
13421
13432
13443
13454
13465
13476
13487
13498
13509
13520
13531
13542
13553
13564
13575
13586
13597
13608
13619
13630
13641
13652
13663
13674
13685
13696
13707
13718
13729
13740
13751
13762
13773
13784
13795
13806
13817
13828
13839
13850
13861
13872
13883
13894
13905
13916
13927
13938
13949
13960
13971
13982
13993
14004
14015
14026
14037
14048
14059
14070
14081
14092
14103
14114
14125
14136
14147
14158
14169
14180
14191
14202
14213
14224
14235
14246
14257
14268
14279
14290
14301
14312
14323
14334
14345
14356
14367
14378
14389
14400
14411
14422
14433
14444
14455
14466
14477
14488
14499
14510
14521
14532
14543
14554
14565
14576
14587
14598
14609
14620
14631
14642
14653
14664
14675
14686
14697
14708
14719
14730
14741
14752
14763
14774
14785
14796
14807
14818
14829
14840
14851
14862
14873
14884
14895
14906
14917
14928
14939
14950
14961
14972
14983
14994
15005
15016
15027
15038
15049
15060
15071
15082
15093
15104
15115
15126
15137
15148
15159
15170
15181
15192
15203
15214
15225
15236
15247
15258
15269
15280
15291
15302
15313
15324
15335
15346
15357
15368
15379
15390
15401
15412
15423
15434
15445
15456
15467
15478
15489
15500
15511
15522
15533
15544
15555
15566
15577
15588
15599
15610
15621
15632
15643
15654
15665
15676
15687
15698
15709
15720
15731
15742
15753
15764
15775
15786
15797
15808
15819
15830
15841
15852
15863
15874
15885
15896
15907
15918
15929
15940
15951
15962
15973
15984
15995
16006
16017
16028
16039
16050
16061
16072
16083
16094
16105
16116
16127
16138
16149
16160
16171
16182
16193
16204
16215
16226
16237
16248
16259
16270
16281
16292
16303
16314
16325
16336
16347
16358
16369
16380
16391
16402
16413
16424
16435
16446
16457
16468
16479
16490
16501
16512
16523
16534
16545
16556
16567
16578
16589
16600
16611
16622
16633
16644
16655
16666
16677
16688
16699
16710
16721
16732
16743
16754
16765
16776
16787
16798
16809
16820
16831
16842
16853
16864
16875
16886
16897
16908
16919
16930
16941
16952
16963
16974
16985
16996
17007
17018
17029
17040
17051
17062
17073
17084
17095
17106
17117
17128
17139
17150
17161
17172
17183
17194
17205
17216
17227
17238
17249
17260
17271
17282
17293
17304
17315
17326
17337
17348
17359
17370
17381
17392
17403
17414
17425
17436
17447
17458
17469
17480
17491
17502
17513
17524
17535
17546
17557
17568
17579
17590
17601
17612
17623
17634
17645
17656
17667
17678
17689
17700
17711
17722
17733
17744
17755
17766
17777
17788
17799
17810
17821
17832
17843
17854
17865
17876
17887
17898
17909
17920
17931
17942
17953
17964
17975
17986
17997
18008
18019
18030
18041
18052
18063
18074
18085
18096
18107
18118
18129
18140
18151
18162
18173
18184
18195
18206
18217
18228
18239
18250
18261
18272
18283
18294
18305
18316
18327
18338
18349
18360
18371
18382
18393
18404
18415
18426
18437
18448
18459
18470
18481
18492
18503
18514
18525
18536
18547
18558
18569
18580
18591
18602
18613
18624
18635
18646
18657
18668
18679
18690
18701
18712
18723
18734
18745
18756
18767
18778
18789
18800
18811
18822
18833
18844
18855
18866
18877
18888
18899
18910
18921
18932
18943
18954
18965
18976
18987
18998
19009
19020
19031
19042
19053
19064
19075
19086
19097
19108
19119
19130
19141
19152
19163
19174
19185
19196
19207
19218
19229
19240
19251
19262
19273
19284
19295
19306
19317
19328
19339
19350
19361
19372
19383
19394
19405
19416
19427
19438
19449
19460
19471
19482
19493
19504
19515
19526
19537
19548
19559
19570
19581
19592
19603
19614
19625
19636
19647
19658
19669
19680
19691
19702
19713
19724
19735
19746
19757
19768
19779
19790
19801
19812
19823
19834
19845
19856
19867
19878
19889
19900
19911
19922
19933
19944
19955
19966
19977
19988
19999
20010
20021
20032
20043
20054
20065
20076
20087
20098
20109
20120
20131
20142
20153
20164
20175
20186
20197
20208
20219
20230
20241
20252
20263
20274
20285
20296
20307
20318
20329
20340
20351
20362
20373
20384
20395
20406
20417
20428
20439
20450
20461
20472
20483
20494
20505
20516
20527
20538
20549
20560
20571
20582
20593
20604
20615
20626
20637
20648
20659
20670
20681
20692
20703
20714
20725
20736
20747
20758
20769
20780
20791
20802
20813
20824
20835
20846
20857
20868
20879
20890
20901
20912
20923
20934
20945
20956
20967
20978
20989
21000
21011
21022
21033
21044
21055
21066
21077
21088
21099
21110
21121
21132
21143
21154
21165
21176
21187
21198
21209
21220
21231
21242
21253
21264
21275
21286
21297
21308
21319
21330
21341
21352
21363
21374
21385
21396
21407
21418
21429
21440
21451
21462
21473
21484
21495
21506
21517
21528
21539
21550
21561
21572
21583
21594
21605
21616
21627
21638
21649
21660
21671
21682
21693
21704
21715
21726
21737
21748
21759
21770
21781
21792
21803
21814
21825
21836
21847
21858
21869
21880
21891
21902
21913
21924
21935
21946
21957
21968
21979
21990
22001
22012
22023
22034
22045
22056
22067
22078
22089
22100
22111
22122
22133
22144
22155
22166
22177
22188
22199
22210
22221
22232
22243
22254
22265
22276
22287
22298
22309
22320
22331
22342
22353
22364
22375
22386
22397
22408
22419
22430
22441
22452
22463
22474
22485
22496
22507
22518
22529
22540
22551
22562
22573
22584
22595
22606
22617
22628
22639
22650
22661
22672
22683
22694
22705
22716
22727
22738
22749
22760
22771
22782
22793
22804
22815
22826
22837
22848
22859
22870
22881
22892
22903
22914
22925
22936
22947
22958
22969
22980
22991
23002
23013
23024
23035
23046
23057
23068
23079
23090
23101
23112
23123
23134
23145
23156
23167
23178
23189
23200
23211
23222
23233
23244
23255
23266
23277
23288
23299
23310
23321
23332
23343
23354
23365
23376
23387
23398
23409
23420
23431
23442
23453
23464
23475
23486
23497
23508
23519
23530
23541
23552
23563
23574
23585
23596
23607
23618
23629
23640
23651
23662
23673
23684
23695
23706
23717
23728
23739
23750
23761
23772
23783
23794
23805
23816
23827
23838
23849
23860
23871
23882
23893
23904
23915
23926
23937
23948
23959
23970
23981
23992
24003
24014
24025
24036
24047
24058
24069
24080
24091
24102
24113
24124
24135
24146
24157
24168
24179
24190
24201
24212
24223
24234
24245
24256
24267
24278
24289
24300
24311
24322
24333
24344
24355
24366
24377
24388
24399
24410
24421
24432
24443
24454
24465
24476
24487
24498
24509
24520
24531
24542
24553
24564
24575
24586
24597
24608
24619
24630
24641
24652
24663
24674
24685
24696
24707
24718
24729
24740
24751
24762
24773
24784
24795
24806
24817
24828
24839
24850
24861
24872
24883
24894
24905
24916
24927
24938
24949
24960
24971
24982
24993
25004
25015
25026
25037
25048
25059
25070
25081
25092
25103
25114
25125
25136
25147
25158
25169
25180
25191
25202
25213
25224
25235
25246
25257
25268
25279
25290
25301
25312
25323
25334
25345
25356
25367
25378
25389
25400
25411
25422
25433
25444
25455
25466
25477
25488
25499
25510
25521
25532
25543
25554
25565
25576
25587
25598
25609
25620
25631
25642
25653
25664
25675
25686
25697
25708
25719
25730
25741
25752
25763
25774
25785
25796
25807
25818
25829
25840
25851
25862
25873
25884
25895
25906
25917
25928
25939
25950
25961
25972
25983
25994
26005
26016
26027
26038
26049
26060
26071
26082
26093
26104
26115
26126
26137
26148
26159
26170
26181
26192
26203
26214
26225
26236
26247
26258
26269
26280
26291
26302
26313
26324
26335
26346
26357
26368
26379
26390
26401
26412
26423
26434
26445
26456
26467
26478
26489
26500
26511
26522
26533
26544
26555
26566
26577
26588
26599
26610
26621
26632
26643
26654
26665
26676
26687
26698
26709
26720
26731
26742
26753
26764
26775
26786
26797
26808
26819
26830
26841
26852
26863
26874
26885
26896
26907
26918
26929
26940
26951
26962
26973
26984
26995
27006
27017
27028
27039
27050
27061
27072
27083
27094
27105
27116
27127
27138
27149
27160
27171
27182
27193
27204
27215
27226
27237
27248
27259
27270
27281
27292
27303
27314
27325
27336
27347
27358
27369
27380
27391
27402
27413
27424
27435
27446
27457
27468
27479
27490
27501
27512
27523
27534
27545
27556
27567
27578
27589
27600
27611
27622
27633
27644
27655
27666
27677
27688
27699
27710
27721
27732
27743
27754
27765
27776
27787
27798
27809
27820
27831
27842
27853
27864
27875
27886
27897
27908
27919
27930
27941
27952
27963
27974
27985
27996
28007
28018
28029
28040
28051
28062
28073
28084
28095
28106
28117
28128
28139
28150
28161
28172
28183
28194
28205
28216
28227
28238
28249
28260
28271
28282
28293
28304
28315
28326
28337
28348
28359
28370
28381
28392
28403
28414
28425
28436
28447
28458
28469
28480
28491
28502
28513
28524
28535
28546
28557
28568
28579
28590
28601
