0
5
10
15
20
25
30
35
40
45
50
255
260
265
270
275
280
285
290
295
300
305
510
515
520
525
530
535
540
545
550
555
560
765
770
775
780
785
790
795
800
805
810
815
1020
1025
1030
1035
1040
1045
1050
1055
1060
1065
1070
1275
1280
1285
1290
1295
1300
1305
1310
1315
1320
1325
1530
1535
1540
1545
1550
1555
1560
1565
1570
1575
1580
1785
1790
1795
1800
1805
1810
1815
1820
1825
1830
1835
2040
2045
2050
2055
2060
2065
2070
2075
2080
2085
2090
2295
2300
2305
2310
2315
2320
2325
2330
2335
2340
2345
2550
2555
2560
2565
2570
2575
2580
2585
2590
2595
2600
