0
1
2
3
4
5
6
7
8
11
14
17
20
23
26
29
32
35
38
41
44
47
51
54
57
60
63
66
69
72
75
78
81
84
89
92
95
98
101
104
107
110
113
116
119
122
126
129
132
135
138
141
144
147
150
153
156
159
162
167
170
173
176
179
182
186
189
192
195
198
201
204
207
210
213
216
219
222
226
229
232
235
238
241
246
249
252
255
258
261
265
268
271
274
277
280
283
286
289
292
295
298
301
305
308
311
314
317
320
325
328
331
334
337
340
343
346
349
352
355
358
361
365
368
371
374
377
380
383
386
389
392
395
398
403
406
409
412
415
418
421
424
427
430
433
436
440
443
446
449
452
455
458
461
464
467
470
473
476
481
484
487
490
493
496
499
502
505
508
511
514
517
521
524
527
530
533
536
539
542
545
548
551
554
559
562
565
568
571
574
577
580
583
586
589
592
595
598
601
604
607
610
613
616
619
622
625
628
631
634
637
640
643
648
651
654
657
660
663
666
669
672
675
678
681
684
687
690
693
696
699
702
705
708
711
714
717
720
723
726
729
732
737
740
743
746
749
752
755
758
761
764
767
770
773
777
780
783
786
789
792
795
798
801
804
807
810
815
818
821
824
827
830
833
836
839
842
845
848
851
854
857
860
863
866
869
872
875
878
881
884
887
890
893
896
899
904
907
910
913
916
919
922
925
928
931
934
937
940
944
947
950
953
956
959
962
965
968
971
974
977
982
985
988
991
994
997
1000
1003
1006
1009
1012
1015
1018
1022
1025
1028
1031
1034
1037
1040
1043
1046
1049
1052
1055
1060
1063
1066
1069
1072
1075
1078
1081
1084
1087
1090
1093
1096
1099
1102
1105
1108
1111
1114
1117
1120
1123
1126
1129
1132
1135
1138
1141
1144
1149
1152
1155
1158
1161
1164
1167
1170
1173
1176
1179
1182
1185
1189
1192
1195
1198
1201
1204
1207
1210
1213
1216
1219
1222
1227
1230
1233
1236
1239
1242
1245
1248
1251
1254
1257
1260
1263
1267
1270
1273
1276
1279
1282
1285
1288
1291
1294
1297
1300
1384
1387
1390
1393
1396
1399
1402
1405
1408
1411
1414
1417
1420
1504
1507
1510
1513
1516
1519
1522
1525
1528
1531
1534
1537
1540
1664
1627
1630
1633
1636
1639
1642
1645
1648
1651
1654
1657
1660
1784
1787
1750
1753
1756
1759
1762
1765
1768
1771
1774
1777
1780
1904
1907
1870
1873
1876
1879
1882
1885
1888
1891
1894
1897
1900
2024
2027
1990
1993
1996
1999
2002
2005
2008
2011
2014
2017
2020
2144
2147
2150
2113
2116
2119
2122
2125
2128
2131
2134
2137
2140
2264
2267
2270
2233
2236
2239
2242
2245
2248
2251
2254
2257
2260
2424
2387
2390
2353
2356
2359
2362
2365
2368
2371
2374
2377
2380
2544
2507
2510
2473
2476
2479
2482
2485
2488
2491
2494
2497
2500
2664
2627
2630
2593
2596
2599
2602
2605
2608
2611
2614
2617
2620
2744
2746
2749
2752
2755
2718
2721
2764
2728
2731
2734
2737
2740
2824
2866
2869
2872
2875
2878
2881
2884
2887
2890
2893
2897
2900
2981
2984
2987
2990
2993
2996
2999
3002
3005
3008
3011
3014
3095
3098
3101
3104
3107
3110
3113
3116
3119
3122
3125
3128
3209
3212
3215
3218
3221
3224
3227
3230
3233
3236
3239
3242
3361
3326
3329
3332
3335
3338
3341
3344
3347
3350
3353
3356
3475
3440
3443
3446
3449
3452
3455
3458
3461
3464
3467
3470
3589
3592
3557
3560
3563
3566
3569
3572
3575
3578
3581
3584
3703
3706
3709
3674
3677
3680
3683
3686
3689
3692
3695
3698
3817
3820
3823
3826
3791
3794
3797
3800
3803
3806
3847
3850
3931
3934
3937
3940
3943
3946
3949
3952
3955
3958
3961
3964
4045
4048
4051
4054
4057
4060
4063
4066
4069
4072
4075
4078
4159
4162
4164
4167
4170
4174
4177
4180
4183
4186
4189
4192
4272
4275
4278
4281
4284
4287
4290
4293
4296
4300
4303
4306
4386
4389
4391
4394
4398
4401
4404
4407
4410
4413
4417
4420
4503
4506
4509
4512
4515
4518
4521
4524
4527
4530
4572
4575
4620
4623
4626
4629
4632
4635
4638
4641
4683
4686
4689
4692
4776
4740
4743
4746
4749
4752
4794
4797
4800
4803
4806
4810
4893
4896
4860
4863
4866
4908
4911
4914
4917
4920
4923
4927
5010
5013
5016
5019
5022
5025
5028
5031
5034
5037
5040
5044
5127
5130
5133
5136
5139
5142
5145
5148
5151
5154
5157
5161
5244
5247
5250
5253
5256
5259
5262
5265
5268
5271
5275
5278
5361
5364
5367
5370
5373
5376
5379
5382
5385
5388
5392
5395
5478
5481
5484
5487
5490
5493
5496
5499
5502
5505
5509
5512
5595
5598
5601
5604
5607
5610
5613
5616
5619
5622
5626
5629
5712
5715
5718
5721
5724
5727
5730
5733
5736
5739
5743
5746
5829
5831
5834
5837
5840
5844
5847
5850
5853
5856
5860
5863
5983
5986
5989
5992
5995
5998
6001
6004
6007
6010
6013
6016
6019
6100
6103
6106
6109
6112
6115
6118
6121
6124
6127
6130
6133
6136
6217
6220
6223
6226
6229
6232
6235
6238
6241
6244
6247
6250
6253
6373
6376
6340
6343
6346
6349
6352
6355
6358
6361
6364
6367
6370
6490
6493
6496
6460
6463
6466
6469
6472
6475
6478
6481
6484
6487
6607
6610
6613
6577
6580
6583
6586
6589
6592
6595
6598
6601
6604
8322
6727
6730
6733
6697
6700
6703
6706
6709
6712
6715
6718
6721
8439
6844
6847
6850
6853
6817
6820
6823
6826
6829
6832
6835
6877
8556
6961
6964
6967
6970
6973
6976
6940
6943
6985
6988
6991
6994
7114
7078
7081
7084
7087
7090
7093
7096
7099
7102
7105
7108
7111
7231
7233
7197
7200
7203
7206
7209
7212
7216
7219
7222
7225
7228
7309
7311
7314
7317
7320
7323
7326
7329
7332
7335
7338
7342
7345
8985
7428
7431
7433
7436
7439
7443
7446
7449
7452
7455
7459
7462
7545
7548
7551
7554
7557
7560
7563
7566
7569
7572
7575
7578
7662
7665
7668
7671
7674
7677
7680
7683
7686
7689
7692
7695
7779
7782
7785
7788
7791
7794
7797
7800
7803
7806
7809
7812
7896
7899
7902
7905
7908
7911
7914
7917
7920
7923
7926
7929
8013
8016
8019
8022
8025
8028
8031
8034
8037
8040
8043
8085
8130
8133
8136
8139
8142
8145
8148
8151
8154
8157
8160
8202
8247
8250
8253
8256
8259
8262
8265
8268
8271
8274
8277
8319
8364
8367
8370
8373
8376
8379
8382
8385
8388
8391
8394
8436
8481
8484
8487
8490
8493
8496
8499
8502
8505
8508
8511
8553
8598
8601
8604
8607
8610
8613
8616
8619
8622
8625
8628
8670
8715
8718
8721
8724
8727
8730
8733
8736
8740
8743
8785
8788
8832
8835
8838
8842
8845
8848
8851
8854
8857
8860
8863
8905
8949
8952
8956
8959
8962
8965
8968
8972
8975
8978
8981
8983
9102
9105
9108
9111
9114
9117
9120
9123
9126
9129
9170
9173
9216
9219
9222
9225
9228
9231
9234
9275
9278
9281
9284
9287
9368
9371
9374
9377
9380
9383
9386
9389
9392
9395
9398
9402
9482
9485
9488
9491
9494
9497
9500
9503
9506
9509
9512
9516
9596
9599
9602
9605
9608
9611
9614
9617
9620
9623
9626
9630
9710
9713
9716
9719
9722
9725
9728
9731
9734
9737
9741
9744
9862
9827
9830
9833
9836
9839
9842
9845
9848
9851
9855
9858
9976
9941
9944
9947
9950
9953
9956
9959
9962
9965
9969
9972
10090
10093
10058
10061
10064
10067
10070
10073
10076
10080
10083
10086
10204
10207
10172
10175
10178
10181
10184
10187
10190
10194
10197
10200
10318
10321
10286
10289
10292
10295
10298
10301
10304
10307
10311
10314
10394
10397
10400
10403
10406
10409
10412
10415
10418
10421
10425
10428
10589
10592
10595
10598
10601
10604
10607
10610
10613
10616
10619
10622
10626
10709
10712
10715
10718
10721
10724
10727
10730
10733
10736
10739
10742
10746
10829
10832
10835
10838
10841
10844
10847
10850
10853
10856
10859
10862
10866
10949
10952
10955
10958
10961
10964
10967
10970
10973
10976
10979
10982
11026
11069
11072
11075
11078
11081
11084
11087
11090
11093
11096
11099
11102
11146
11189
11192
11195
11198
11201
11204
11207
11210
11213
11216
11219
11222
11266
11309
11312
11315
11318
11321
11324
11327
11330
11333
11336
11339
11382
11385
11429
11432
11435
11438
11441
11444
11447
11450
11453
11456
11459
11502
11505
11549
11552
11555
11558
11561
11564
11567
11570
11573
11576
11579
11622
11625
11669
11672
11675
11678
11681
11684
11687
11690
11693
11696
11699
11742
11786
11789
11792
11795
11798
11801
11804
11807
11810
11813
11816
11819
11863
11906
11909
11912
11915
11918
11922
11925
11928
11931
11934
11937
11940
11983
11986
12029
12032
12036
12039
12042
12045
12048
12051
12055
12058
12061
12063
12065
12185
12188
12191
12194
12197
12200
12203
12206
12209
12212
12215
12218
12299
12302
12305
12308
12311
12314
12317
12320
12323
12326
12329
12332
12413
12416
12419
12422
12425
12428
12431
12434
12437
12440
12443
12446
12565
12530
12533
12536
12539
12542
12545
12548
12551
12554
12557
12560
12679
12644
12647
12650
12653
12656
12659
12662
12665
12668
12671
12674
12793
12796
12761
12764
12767
12770
12773
12776
12779
12782
12785
12788
12907
12910
12913
12878
12881
12884
12887
12890
12893
12896
12899
12902
13021
13024
13027
13030
12995
12998
13001
13004
13007
13010
13051
13054
13135
13138
13141
13144
13147
13150
13153
13156
13159
13162
13165
13168
13249
13252
13255
13258
13261
13264
13267
13270
13273
13276
13279
13282
13363
13365
13368
13371
13374
13378
13381
13384
13387
13390
13393
13396
13476
13479
13482
13485
13488
13491
13494
13497
13500
13504
13507
13510
13590
13593
13595
13598
13602
13605
13608
13611
13614
13617
13621
13624
13707
13710
13713
13716
13719
13722
13725
13728
13731
13734
13776
13779
13824
13827
13830
13833
13836
13839
13842
13845
13887
13890
13893
13896
13980
13944
13947
13950
13953
13956
13998
14001
14004
14007
14010
14014
14097
14100
14064
14067
14070
14112
14115
14118
14121
14124
14127
14131
14214
14217
14220
14223
14226
14229
14232
14235
14238
14241
14244
14248
14331
14334
14337
14340
14343
14346
14349
14352
14355
14358
14361
14365
14448
14451
14454
14457
14460
14463
14466
14469
14472
14475
14479
14482
14565
14568
14571
14574
14577
14580
14583
14586
14589
14592
14596
14599
14682
14685
14688
14691
14694
14697
14700
14703
14706
14709
14713
14716
14799
14802
14805
14808
14811
14814
14817
14820
14823
14826
14830
14833
14916
14919
14922
14925
14928
14931
14934
14937
14940
14943
14947
14950
15033
15035
15038
15041
15044
15048
15051
15054
15057
15060
15064
15067
15289
15292
15295
15298
15301
15304
15307
15310
15313
15316
15319
15322
15325
15328
15331
15334
15337
15340
15343
15346
15349
15352
15355
15358
15361
15364
15367
15370
15373
15556
15559
15562
15565
15568
15571
15574
15577
15580
15583
15586
15589
15592
15595
15598
15601
15604
15607
15610
15613
15616
15619
15622
15625
15628
15631
15634
15637
15640
15823
15826
15829
15832
15835
15838
15841
15844
15847
15850
15853
15856
15859
15862
15865
15868
15871
15874
15877
15880
15883
15886
15889
15892
15895
15898
15901
15904
15907
16090
16093
16096
16099
16102
16105
16108
16111
16114
16117
16120
16123
16126
16129
16132
16135
16138
16141
16144
16147
16150
16153
16156
16159
16162
16165
16168
16171
16174
16357
16360
16363
16366
16369
16372
16375
16378
16381
16384
16387
16390
16393
16396
16399
16402
16405
16408
16411
16414
16417
16420
16423
16426
16429
16432
16435
16438
16441
16624
16627
16630
16633
16636
16639
16642
16645
16648
16651
16654
16657
16660
16663
16666
16669
16672
16675
16678
16681
16684
16687
16690
16693
16696
16699
16702
16705
16708
16891
16894
16897
16900
16903
16906
16909
16912
16915
16918
16921
16924
16927
16930
16933
16936
16939
16942
16945
16948
16951
16954
16957
16960
16963
16966
16969
16972
16975
17158
17161
17164
17167
17170
17173
17176
17179
17182
17185
17188
17191
17194
17197
17200
17203
17206
17209
17212
17215
17218
17221
17224
17227
17230
17233
17236
17239
17242
17425
17428
17431
17434
17437
17440
17443
17446
17449
17452
17455
17458
17461
17464
17467
17470
17473
17476
17479
17482
17485
17488
17491
17494
17497
17500
17503
17506
17509
17692
17695
17698
17701
17704
17707
17710
17713
17716
17719
17722
17725
17728
17731
17734
17737
17740
17743
17746
17749
17752
17755
17758
17761
17764
17767
17770
17773
17776
17959
17962
17965
17968
17971
17974
17977
17980
17983
17986
17989
17992
17995
17998
18001
18004
18007
18010
18013
18016
18019
18022
18025
18028
18031
18034
18037
18040
18043
18226
18229
18232
18235
18238
18241
18244
18247
18250
18253
18256
18259
18262
18265
18268
18271
18274
18277
18280
18283
18286
18289
18292
18295
18298
18301
18304
18307
18310
18493
18496
18499
18502
18505
18508
18511
18514
18517
18520
18523
18526
18529
18532
18535
18538
18541
18544
18547
18550
18553
18556
18559
18562
18565
18568
18571
18574
18577
18849
18852
18855
18858
18861
18864
18867
18870
18873
18876
18879
18882
18885
18888
18891
18894
18897
18900
18903
18906
18909
18912
18915
18918
18921
18924
18927
18930
18933
19116
19119
19122
19125
19128
19131
19134
19137
19140
19143
19146
19149
19152
19155
19158
19161
19164
19167
19170
19173
19176
19179
19182
19185
19188
19191
19194
19197
19200
19383
19386
19389
19392
19395
19398
19401
19404
19407
19410
19413
19416
19419
19422
19425
19428
19431
19434
19437
19440
19443
19446
19449
19452
19455
19458
19461
19464
19467
19650
19653
19656
19659
19662
19665
19668
19671
19674
19677
19680
19683
19686
19689
19692
19695
19698
19701
19704
19707
19710
19713
19716
19719
19722
19725
19728
19731
19734
19917
19920
19923
19926
19929
19932
19935
19938
19941
19944
19947
19950
19953
19956
19959
19962
19965
19968
19971
19974
19977
19980
19983
19986
19989
19992
19995
19998
20001
20184
20187
20190
20193
20196
20199
20202
20205
20208
20211
20214
20217
20220
20223
20226
20229
20232
20235
20238
20241
20244
20247
20250
20253
20256
20259
20262
20265
20268
20451
20454
20457
20460
20463
20466
20469
20472
20475
20478
20481
20484
20487
20490
20493
20496
20499
20502
20505
20508
20511
20514
20517
20520
20523
20526
20529
20532
20535
20718
20721
20724
20727
20730
20733
20736
20739
20742
20745
20748
20751
20754
20757
20760
20763
20766
20769
20772
20775
20778
20781
20784
20787
20790
20793
20796
20799
20802
20985
20988
20991
20994
20997
21000
21003
21006
21009
21012
21015
21018
21021
21024
21027
21030
21033
21036
21039
21042
21045
21048
21051
21054
21057
21060
21063
21066
21069
21252
21255
21258
21261
21264
21267
21270
21273
21276
21279
21282
21285
21288
21291
21294
21297
21300
21303
21306
21309
21312
21315
21318
21321
21324
21327
21330
21333
21336
21519
21522
21525
21528
21531
21534
21537
21540
21543
21546
21549
21552
21555
21558
21561
21564
21567
21570
21573
21576
21579
21582
21585
21588
21591
21594
21597
21600
21603
21786
21789
21792
21795
21798
21801
21804
21807
21810
21813
21816
21819
21822
21825
21828
21831
21834
21837
21840
21843
21846
21849
21852
21855
21858
21861
21864
21867
21870
22231
22234
22237
22240
22243
22246
22249
22252
22255
22258
22261
22264
22267
22270
22273
22276
22279
22282
22285
22288
22291
22294
22297
22300
22303
22306
22309
22312
22315
22498
22501
22504
22507
22510
22513
22516
22519
22522
22525
22528
22531
22534
22537
22540
22543
22546
22549
22552
22555
22558
22561
22564
22567
22570
22573
22576
22579
22582
22765
22768
22771
22774
22777
22780
22783
22786
22789
22792
22795
22798
22801
22804
22807
22810
22813
22816
22819
22822
22825
22828
22831
22834
22837
22840
22843
22846
22849
23032
23035
23038
23041
23044
23047
23050
23053
23056
23059
23062
23065
23068
23071
23074
23077
23080
23083
23086
23089
23092
23095
23098
23101
23104
23107
23110
23113
23116
23299
23302
23305
23308
23311
23314
23317
23320
23323
23326
23329
23332
23335
23338
23341
23344
23347
23350
23353
23356
23359
23362
23365
23368
23371
23374
23377
23380
23383
23566
23569
23572
23575
23578
23581
23584
23587
23590
23593
23596
23599
23602
23605
23608
23611
23614
23617
23620
23623
23626
23629
23632
23635
23638
23641
23644
23647
23650
23833
23836
23839
23842
23845
23848
23851
23854
23857
23860
23863
23866
23869
23872
23875
23878
23881
23884
23887
23890
23893
23896
23899
23902
23905
23908
23911
23914
23917
24100
24103
24106
24109
24112
24115
24118
24121
24124
24127
24130
24133
24136
24139
24142
24145
24148
24151
24154
24157
24160
24163
24166
24169
24172
24175
24178
24181
24184
24367
24370
24373
24376
24379
24382
24385
24388
24391
24394
24397
24400
24403
24406
24409
24412
24415
24418
24421
24424
24427
24430
24433
24436
24439
24442
24445
24448
24451
24634
24637
24640
24643
24646
24649
24652
24655
24658
24661
24664
24667
24670
24673
24676
24679
24682
24685
24688
24691
24694
24697
24700
24703
24706
24709
24712
24715
24718
24901
24904
24907
24910
24913
24916
24919
24922
24925
24928
24931
24934
24937
24940
24943
24946
24949
24952
24955
24958
24961
24964
24967
24970
24973
24976
24979
24982
24985
25168
25171
25174
25177
25180
25183
25186
25189
25192
25195
25198
25201
25204
25207
25210
25213
25216
25219
25222
25225
25228
25231
25234
25237
25240
25243
25246
25249
25252
25435
25438
25441
25444
25447
25450
25453
25456
25459
25462
25465
25468
25471
25474
25477
25480
25483
25486
25489
25492
25495
25498
25501
25504
25507
25510
25513
25516
25519
25791
25794
25797
25800
25803
25806
25809
25812
25815
25818
25821
25824
25827
25830
25833
25836
25839
25842
25845
25848
25851
25854
25857
25860
25863
25866
25869
25872
25875
26058
26061
26064
26067
26070
26073
26076
26079
26082
26085
26088
26091
26094
26097
26100
26103
26106
26109
26112
26115
26118
26121
26124
26127
26130
26133
26136
26139
26142
26325
26328
26331
26334
26337
26340
26343
26346
26349
26352
26355
26358
26361
26364
26367
26370
26373
26376
26379
26382
26385
26388
26391
26394
26397
26400
26403
26406
26409
26592
26595
26598
26601
26604
26607
26610
26613
26616
26619
26622
26625
26628
26631
26634
26637
26640
26643
26646
26649
26652
26655
26658
26661
26664
26667
26670
26673
26676
26859
26862
26865
26868
26871
26874
26877
26880
26883
26886
26889
26892
26895
26898
26901
26904
26907
26910
26913
26916
26919
26922
26925
26928
26931
26934
26937
26940
26943
27126
27129
27132
27135
27138
27141
27144
27147
27150
27153
27156
27159
27162
27165
27168
27171
27174
27177
27180
27183
27186
27189
27192
27195
27198
27201
27204
27207
27210
27393
27396
27399
27402
27405
27408
27411
27414
27417
27420
27423
27426
27429
27432
27435
27438
27441
27444
27447
27450
27453
27456
27459
27462
27465
27468
27471
27474
27477
27660
27663
27666
27669
27672
27675
27678
27681
27684
27687
27690
27693
27696
27699
27702
27705
27708
27711
27714
27717
27720
27723
27726
27729
27732
27735
27738
27741
27744
27927
27930
27933
27936
27939
27942
27945
27948
27951
27954
27957
27960
27963
27966
27969
27972
27975
27978
27981
27984
27987
27990
27993
27996
27999
28002
28005
28008
28011
28194
28197
28200
28203
28206
28209
28212
28215
28218
28221
28224
28227
28230
28233
28236
28239
28242
28245
28248
28251
28254
28257
28260
28263
28266
28269
28272
28275
28278
28461
28464
28467
28470
28473
28476
28479
28482
28485
28488
28491
28494
28497
28500
28503
28506
28509
28512
28515
28518
28521
28524
28527
28530
28533
28536
28539
28542
28545
28728
28731
28734
28737
28740
28743
28746
28749
28752
28755
28758
28761
28764
28767
28770
28773
28776
28779
28782
28785
28788
28791
28794
28797
28800
28803
28806
28809
28812
29073
29077
29080
29083
29086
29089
29092
29095
29098
29101
29104
29107
29110
29193
29197
29200
29203
29206
29209
29212
29215
29218
29221
29224
29227
29230
29313
29317
29320
29323
29326
29329
29332
29335
29338
29341
29344
29347
29350
29473
29437
29440
29443
29446
29449
29452
29455
29458
29461
29464
29467
29470
29593
29597
29560
29563
29566
29569
29572
29575
29578
29581
29584
29587
29590
29713
29717
29680
29683
29686
29689
29692
29695
29698
29701
29704
29707
29710
29834
29837
29800
29803
29806
29809
29812
29815
29818
29821
29824
29827
29830
29954
29957
29960
29923
29926
29929
29932
29935
29938
29941
29944
29947
29950
30113
30077
30080
30043
30046
30049
30052
30055
30058
30061
30064
30067
30070
30233
30197
30200
30163
30166
30169
30172
30175
30178
30181
30184
30187
30190
30354
30317
30319
30322
30286
30289
30292
30295
30298
30301
30304
30307
30310
30434
30436
30439
30402
30405
30408
30411
30414
30417
30420
30424
30427
30430
30514
30516
30518
30521
30524
30527
30530
30534
30537
30540
30543
30547
30550
30671
30674
30677
30680
30683
30686
30689
30692
30695
30698
30701
30704
30785
30788
30791
30794
30797
30800
30803
30806
30809
30812
30815
30818
30899
30902
30905
30908
30911
30914
30917
30920
30923
30926
30929
30932
31013
31016
31019
31022
31025
31028
31031
31034
31037
31040
31043
31084
31127
31130
31133
31136
31139
31142
31145
31148
31151
31154
31157
31198
31241
31244
31247
31250
31253
31256
31259
31262
31265
31268
31309
31312
31355
31358
31361
31364
31367
31370
31373
31376
31379
31382
31423
31426
31507
31510
31475
31478
31481
31484
31487
31490
31493
31496
31537
31540
31621
31624
31627
31630
31595
31598
31601
31604
31607
31648
31651
31654
31735
31738
31741
31744
31747
31750
31753
31718
31721
31762
31765
31807
31849
31852
31855
31858
31861
31865
31868
31871
31874
31877
31880
31921
31963
31966
31969
31973
31976
31979
31982
31985
31988
31991
31994
31997
32077
32080
32084
32087
32090
32093
32096
32100
32103
32106
32109
32111
32233
32236
32200
32203
32206
32209
32212
32215
32218
32221
32224
32227
32350
32353
32356
32359
32362
32326
32329
32332
32335
32338
32341
32344
32466
32470
32473
32476
32479
32482
32485
32449
32452
32455
32458
32500
32583
32587
32590
32593
32596
32599
32602
32605
32608
32611
32614
32617
32700
32704
32707
32710
32713
32716
32719
32722
32725
32728
32731
32734
32817
32821
32824
32827
32830
32833
32836
32839
32842
32845
32848
32851
32934
32937
32941
32944
32947
32950
32953
32956
32959
32962
32965
32968
33051
33054
33058
33061
33064
33067
33070
33073
33076
33079
33082
33085
33168
33171
33175
33178
33181
33184
33187
33190
33193
33196
33199
33241
33285
33288
33292
33295
33298
33301
33304
33307
33310
33313
33316
33358
33402
33405
33409
33412
33415
33418
33421
33424
33428
33431
33433
33436
33519
33522
33526
33529
33532
33535
33539
33542
33545
33548
33551
33553
33775
33778
33781
33784
33787
33790
33793
33796
33799
33802
33805
33808
33811
33814
33817
33820
33823
33826
33829
33832
33835
33838
33841
33844
33847
33850
33853
33856
33859
34042
34045
34048
34051
34054
34057
34060
34063
34066
34069
34072
34075
34078
34081
34084
34087
34090
34093
34096
34099
34102
34105
34108
34111
34114
34117
34120
34123
34126
34309
34312
34315
34318
34321
34324
34327
34330
34333
34336
34339
34342
34345
34348
34351
34354
34357
34360
34363
34366
34369
34372
34375
34378
34381
34384
34387
34390
34393
34576
34579
34582
34585
34588
34591
34594
34597
34600
34603
34606
34609
34612
34615
34618
34621
34624
34627
34630
34633
34636
34639
34642
34645
34648
34651
34654
34657
34660
34843
34846
34849
34852
34855
34858
34861
34864
34867
34870
34873
34876
34879
34882
34885
34888
34891
34894
34897
34900
34903
34906
34909
34912
34915
34918
34921
34924
34927
35110
35113
35116
35119
35122
35125
35128
35131
35134
35137
35140
35143
35146
35149
35152
35155
35158
35161
35164
35167
35170
35173
35176
35179
35182
35185
35188
35191
35194
35377
35380
35383
35386
35389
35392
35395
35398
35401
35404
35407
35410
35413
35416
35419
35422
35425
35428
35431
35434
35437
35440
35443
35446
35449
35452
35455
35458
35461
35644
35647
35650
35653
35656
35659
35662
35665
35668
35671
35674
35677
35680
35683
35686
35689
35692
35695
35698
35701
35704
35707
35710
35713
35716
35719
35722
35725
35728
35911
35914
35917
35920
35923
35926
35929
35932
35935
35938
35941
35944
35947
35950
35953
35956
35959
35962
35965
35968
35971
35974
35977
35980
35983
35986
35989
35992
35995
36178
36181
36184
36187
36190
36193
36196
36199
36202
36205
36208
36211
36214
36217
36220
36223
36226
36229
36232
36235
36238
36241
36244
36247
36250
36253
36256
36259
36262
36445
36448
36451
36454
36457
36460
36463
36466
36469
36472
36475
36478
36481
36484
36487
36490
36493
36496
36499
36502
36505
36508
36511
36514
36517
36520
36523
36526
36529
36712
36715
36718
36721
36724
36727
36730
36733
36736
36739
36742
36745
36748
36751
36754
36757
36760
36763
36766
36769
36772
36775
36778
36781
36784
36787
36790
36793
36796
36979
36982
36985
36988
36991
36994
36997
37000
37003
37006
37009
37012
37015
37018
37021
37024
37027
37030
37033
37036
37039
37042
37045
37048
37051
37054
37057
37060
37063
37335
37338
37341
37344
37347
37350
37353
37356
37359
37362
37365
37368
37371
37374
37377
37380
37383
37386
37389
37392
37395
37398
37401
37404
37407
37410
37413
37416
37419
37602
37605
37608
37611
37614
37617
37620
37623
37626
37629
37632
37635
37638
37641
37644
37647
37650
37653
37656
37659
37662
37665
37668
37671
37674
37677
37680
37683
37686
37869
37872
37875
37878
37881
37884
37887
37890
37893
37896
37899
37902
37905
37908
37911
37914
37917
37920
37923
37926
37929
37932
37935
37938
37941
37944
37947
37950
37953
38136
38139
38142
38145
38148
38151
38154
38157
38160
38163
38166
38169
38172
38175
38178
38181
38184
38187
38190
38193
38196
38199
38202
38205
38208
38211
38214
38217
38220
38403
38406
38409
38412
38415
38418
38421
38424
38427
38430
38433
38436
38439
38442
38445
38448
38451
38454
38457
38460
38463
38466
38469
38472
38475
38478
38481
38484
38487
38670
38673
38676
38679
38682
38685
38688
38691
38694
38697
38700
38703
38706
38709
38712
38715
38718
38721
38724
38727
38730
38733
38736
38739
38742
38745
38748
38751
38754
38937
38940
38943
38946
38949
38952
38955
38958
38961
38964
38967
38970
38973
38976
38979
38982
38985
38988
38991
38994
38997
39000
39003
39006
39009
39012
39015
39018
39021
39204
39207
39210
39213
39216
39219
39222
39225
39228
39231
39234
39237
39240
39243
39246
39249
39252
39255
39258
39261
39264
39267
39270
39273
39276
39279
39282
39285
39288
39471
39474
39477
39480
39483
39486
39489
39492
39495
39498
39501
39504
39507
39510
39513
39516
39519
39522
39525
39528
39531
39534
39537
39540
39543
39546
39549
39552
39555
39738
39741
39744
39747
39750
39753
39756
39759
39762
39765
39768
39771
39774
39777
39780
39783
39786
39789
39792
39795
39798
39801
39804
39807
39810
39813
39816
39819
39822
40005
40008
40011
40014
40017
40020
40023
40026
40029
40032
40035
40038
40041
40044
40047
40050
40053
40056
40059
40062
40065
40068
40071
40074
40077
40080
40083
40086
40089
40272
40275
40278
40281
40284
40287
40290
40293
40296
40299
40302
40305
40308
40311
40314
40317
40320
40323
40326
40329
40332
40335
40338
40341
40344
40347
40350
40353
40356
40717
40720
40723
40726
40729
40732
40735
40738
40741
40744
40747
40750
40753
40756
40759
40762
40765
40768
40771
40774
40777
40780
40783
40786
40789
40792
40795
40798
40801
40984
40987
40990
40993
40996
40999
41002
41005
41008
41011
41014
41017
41020
41023
41026
41029
41032
41035
41038
41041
41044
41047
41050
41053
41056
41059
41062
41065
41068
41251
41254
41257
41260
41263
41266
41269
41272
41275
41278
41281
41284
41287
41290
41293
41296
41299
41302
41305
41308
41311
41314
41317
41320
41323
41326
41329
41332
41335
41518
41521
41524
41527
41530
41533
41536
41539
41542
41545
41548
41551
41554
41557
41560
41563
41566
41569
41572
41575
41578
41581
41584
41587
41590
41593
41596
41599
41602
41785
41788
41791
41794
41797
41800
41803
41806
41809
41812
41815
41818
41821
41824
41827
41830
41833
41836
41839
41842
41845
41848
41851
41854
41857
41860
41863
41866
41869
42052
42055
42058
42061
42064
42067
42070
42073
42076
42079
42082
42085
42088
42091
42094
42097
42100
42103
42106
42109
42112
42115
42118
42121
42124
42127
42130
42133
42136
42319
42322
42325
42328
42331
42334
42337
42340
42343
42346
42349
42352
42355
42358
42361
42364
42367
42370
42373
42376
42379
42382
42385
42388
42391
42394
42397
42400
42403
42586
42589
42592
42595
42598
42601
42604
42607
42610
42613
42616
42619
42622
42625
42628
42631
42634
42637
42640
42643
42646
42649
42652
42655
42658
42661
42664
42667
42670
42853
42856
42859
42862
42865
42868
42871
42874
42877
42880
42883
42886
42889
42892
42895
42898
42901
42904
42907
42910
42913
42916
42919
42922
42925
42928
42931
42934
42937
43120
43123
43126
43129
43132
43135
43138
43141
43144
43147
43150
43153
43156
43159
43162
43165
43168
43171
43174
43177
43180
43183
43186
43189
43192
43195
43198
43201
43204
43387
43390
43393
43396
43399
43402
43405
43408
43411
43414
43417
43420
43423
43426
43429
43432
43435
43438
43441
43444
43447
43450
43453
43456
43459
43462
43465
43468
43471
43654
43657
43660
43663
43666
43669
43672
43675
43678
43681
43684
43687
43690
43693
43696
43699
43702
43705
43708
43711
43714
43717
43720
43723
43726
43729
43732
43735
43738
43921
43924
43927
43930
43933
43936
43939
43942
43945
43948
43951
43954
43957
43960
43963
43966
43969
43972
43975
43978
43981
43984
43987
43990
43993
43996
43999
44002
44005
44277
44280
44283
44286
44289
44292
44295
44298
44301
44304
44307
44310
44313
44316
44319
44322
44325
44328
44331
44334
44337
44340
44343
44346
44349
44352
44355
44358
44361
44544
44547
44550
44553
44556
44559
44562
44565
44568
44571
44574
44577
44580
44583
44586
44589
44592
44595
44598
44601
44604
44607
44610
44613
44616
44619
44622
44625
44628
44811
44814
44817
44820
44823
44826
44829
44832
44835
44838
44841
44844
44847
44850
44853
44856
44859
44862
44865
44868
44871
44874
44877
44880
44883
44886
44889
44892
44895
45078
45081
45084
45087
45090
45093
45096
45099
45102
45105
45108
45111
45114
45117
45120
45123
45126
45129
45132
45135
45138
45141
45144
45147
45150
45153
45156
45159
45162
45345
45348
45351
45354
45357
45360
45363
45366
45369
45372
45375
45378
45381
45384
45387
45390
45393
45396
45399
45402
45405
45408
45411
45414
45417
45420
45423
45426
45429
45612
45615
45618
45621
45624
45627
45630
45633
45636
45639
45642
45645
45648
45651
45654
45657
45660
45663
45666
45669
45672
45675
45678
45681
45684
45687
45690
45693
45696
45879
45882
45885
45888
45891
45894
45897
45900
45903
45906
45909
45912
45915
45918
45921
45924
45927
45930
45933
45936
45939
45942
45945
45948
45951
45954
45957
45960
45963
46146
46149
46152
46155
46158
46161
46164
46167
46170
46173
46176
46179
46182
46185
46188
46191
46194
46197
46200
46203
46206
46209
46212
46215
46218
46221
46224
46227
46230
46413
46416
46419
46422
46425
46428
46431
46434
46437
46440
46443
46446
46449
46452
46455
46458
46461
46464
46467
46470
46473
46476
46479
46482
46485
46488
46491
46494
46497
46680
46683
46686
46689
46692
46695
46698
46701
46704
46707
46710
46713
46716
46719
46722
46725
46728
46731
46734
46737
46740
46743
46746
46749
46752
46755
46758
46761
46764
46947
46950
46953
46956
46959
46962
46965
46968
46971
46974
46977
46980
46983
46986
46989
46992
46995
46998
47001
47004
47007
47010
47013
47016
47019
47022
47025
47028
47031
47214
47217
47220
47223
47226
47229
47232
47235
47238
47241
47244
47247
47250
47253
47256
47259
47262
47265
47268
47271
47274
47277
47280
47283
47286
47289
47292
47295
47298
