21
42
63
84
105
126
147
168
189
210
231
252
273
294
315
336
357
378
399
420
441
462
483
504
525
546
567
588
609
630
651
672
693
714
735
756
777
798
819
840
861
882
903
924
945
966
987
1008
1029
1050
1071
1092
1113
1134
1155
1176
1197
1218
1239
1260
1281
1302
1323
1344
1365
1386
1407
1428
1449
1470
1491
1512
1533
1554
1575
1596
1617
1638
1659
1680
1701
1722
1743
1764
1785
1806
1827
1848
1869
1890
1911
1932
1953
1974
1995
2016
2037
2058
2079
2100
2121
2142
2163
2184
2205
2226
2247
2268
2289
2310
2331
2352
2373
2394
2415
2436
2457
2478
2499
2520
2541
2562
2583
2604
2625
2646
2667
2688
2709
2730
2751
2772
2793
2814
2835
2856
2877
2898
2919
2940
2961
2982
3003
3024
3045
3066
3087
3108
3129
3150
3171
3192
3213
3234
3255
3276
3297
3318
3339
3360
3381
3402
3423
3444
3465
3486
3507
3528
3549
3570
3591
3612
3633
3654
3675
3696
3717
3738
3759
3780
3801
3822
3843
3864
3885
3906
3927
3948
3969
3990
4011
4032
4053
4074
4095
4116
4137
4158
4179
4200
4221
4242
4263
4284
4305
4326
4347
4368
4389
4410
4431
4452
4473
4494
4515
4536
4557
4578
4599
4620
4641
4662
4683
4704
4725
4746
4767
4788
4809
4830
4851
4872
4893
4914
4935
4956
4977
4998
5019
5040
5061
5082
5103
5124
5145
5166
5187
5208
5229
5250
5271
5292
5313
5334
5355
5376
5397
5418
5439
5460
5481
5502
5523
5544
5565
5586
5607
5628
5649
5670
5691
5712
5733
5754
5775
5796
5817
5838
5859
5880
5901
5922
5943
5964
5985
6006
6027
6048
6069
6090
6111
6132
6153
6174
6195
6216
6237
6258
6279
6300
6321
6342
6363
6384
6405
6426
6447
6468
6489
6510
6531
6552
6573
6594
6615
6636
6657
6678
6699
6720
6741
6762
6783
6804
6825
6846
6867
6888
6909
6930
6951
6972
6993
7014
7035
7056
7077
7098
7119
7140
7161
7182
7203
7224
7245
7266
7287
7308
7329
7350
7371
7392
7413
7434
7455
7476
7497
7518
7539
7560
7581
7602
7623
7644
7665
7686
7707
7728
7749
7770
7791
7812
7833
7854
7875
7896
7917
7938
7959
7980
8001
8022
8043
8064
8085
8106
8127
8148
8169
8190
8211
8232
8253
8274
8295
8316
8337
8358
8379
8400
8421
8442
8463
8484
8505
8526
8547
8568
8589
8610
8631
8652
8673
8694
8715
8736
8757
8778
8799
8820
8841
8862
8883
8904
8925
8946
8967
8988
9009
9030
9051
9072
9093
9114
9135
9156
9177
9198
9219
9240
9261
9282
9303
9324
9345
9366
9387
9408
9429
9450
9471
9492
9513
9534
9555
9576
9597
9618
9639
9660
9681
9702
9723
9744
9765
9786
9807
9828
9849
9870
9891
9912
9933
9954
9975
9996
10017
10038
10059
10080
10101
10122
10143
10164
10185
10206
10227
10248
10269
10290
10311
10332
10353
10374
10395
10416
10437
10458
10479
10500
10521
10542
10563
10584
10605
10626
10647
10668
10689
10710
10731
10752
10773
10794
10815
10836
10857
10878
10899
10920
10941
10962
10983
11004
11025
11046
11067
11088
11109
11130
11151
11172
11193
11214
11235
11256
11277
11298
11319
11340
11361
11382
11403
11424
11445
11466
11487
11508
11529
11550
11571
11592
11613
11634
11655
11676
11697
11718
11739
11760
11781
11802
11823
11844
11865
11886
11907
11928
11949
11970
11991
12012
12033
12054
12075
12096
12117
12138
12159
12180
12201
12222
12243
12264
12285
12306
12327
12348
12369
12390
12411
12432
12453
12474
12495
12516
12537
12558
12579
12600
12621
12642
12663
12684
12705
12726
12747
12768
12789
12810
12831
12852
12873
12894
12915
12936
12957
12978
12999
13020
13041
13062
13083
13104
13125
13146
13167
13188
13209
13230
13251
13272
13293
13314
13335
13356
13377
13398
13419
13440
13461
13482
13503
13524
13545
13566
13587
13608
13629
13650
13671
13692
13713
13734
13755
13776
13797
13818
13839
13860
13881
13902
13923
13944
13965
13986
14007
14028
14049
14070
14091
14112
14133
14154
14175
14196
14217
14238
14259
14280
14301
14322
14343
14364
14385
14406
14427
14448
14469
14490
14511
14532
14553
14574
14595
14616
14637
14658
14679
14700
14721
14742
14763
14784
14805
14826
14847
14868
14889
14910
14931
14952
14973
14994
15015
15036
15057
15078
15099
15120
15141
15162
15183
15204
15225
15246
15267
15288
15309
15330
15351
15372
15393
15414
15435
15456
15477
15498
15519
15540
15561
15582
15603
15624
15645
15666
15687
15708
15729
15750
15771
15792
15813
15834
15855
15876
15897
15918
15939
15960
15981
16002
16023
16044
16065
16086
16107
16128
16149
16170
16191
16212
16233
16254
16275
16296
16317
16338
16359
16380
16401
16422
16443
16464
16485
16506
16527
16548
16569
16590
16611
16632
16653
16674
16695
16716
16737
16758
16779
16800
16821
16842
16863
16884
16905
16926
16947
16968
16989
17010
17031
17052
17073
17094
17115
17136
17157
17178
17199
17220
17241
17262
17283
17304
17325
17346
17367
17388
17409
17430
17451
17472
17493
17514
17535
17556
17577
17598
17619
17640
17661
17682
17703
17724
17745
17766
17787
17808
17829
17850
17871
17892
17913
17934
17955
17976
17997
18018
18039
18060
18081
18102
18123
18144
18165
18186
18207
18228
18249
18270
18291
18312
18333
18354
18375
18396
18417
18438
18459
18480
18501
18522
18543
18564
18585
18606
18627
18648
18669
18690
18711
18732
18753
18774
18795
18816
18837
18858
18879
18900
18921
18942
18963
18984
19005
19026
19047
19068
19089
19110
19131
19152
19173
19194
19215
19236
19257
19278
19299
19320
19341
19362
19383
19404
19425
19446
19467
19488
19509
19530
19551
19572
19593
19614
19635
19656
19677
19698
19719
19740
19761
19782
19803
19824
19845
19866
19887
19908
19929
19950
19971
19992
20013
20034
20055
20076
20097
20118
20139
20160
20181
20202
20223
20244
20265
20286
20307
20328
20349
20370
20391
20412
20433
20454
20475
20496
20517
20538
20559
20580
20601
20622
20643
20664
20685
20706
20727
20748
20769
20790
20811
20832
20853
20874
20895
20916
20937
20958
20979
21000
21021
21042
21063
21084
21105
21126
21147
21168
21189
21210
21231
21252
21273
21294
21315
21336
21357
21378
21399
21420
21441
21462
21483
21504
21525
21546
21567
21588
21609
21630
21651
21672
21693
21714
21735
21756
21777
21798
21819
21840
21861
21882
21903
21924
21945
21966
21987
22008
22029
22050
22071
22092
22113
22134
22155
22176
22197
22218
22239
22260
22281
22302
22323
22344
22365
22386
22407
22428
22449
22470
22491
22512
22533
22554
22575
22596
22617
22638
22659
22680
22701
22722
22743
22764
22785
22806
22827
22848
22869
22890
22911
22932
22953
22974
22995
23016
23037
23058
23079
23100
23121
23142
23163
23184
23205
23226
23247
23268
23289
23310
23331
23352
23373
23394
23415
23436
23457
23478
23499
23520
23541
23562
23583
23604
23625
23646
23667
23688
23709
23730
23751
23772
23793
23814
23835
23856
23877
23898
23919
23940
23961
23982
24003
24024
24045
24066
24087
24108
24129
24150
24171
24192
24213
24234
24255
24276
24297
24318
24339
24360
24381
24402
24423
24444
24465
24486
24507
24528
24549
24570
24591
24612
24633
24654
24675
24696
24717
24738
24759
24780
24801
24822
24843
24864
24885
24906
24927
24948
24969
24990
25011
25032
25053
25074
25095
25116
25137
25158
25179
25200
25221
25242
25263
25284
25305
25326
25347
25368
25389
25410
25431
25452
25473
25494
25515
25536
25557
25578
25599
25620
25641
25662
25683
25704
25725
25746
25767
25788
25809
25830
25851
25872
25893
25914
25935
25956
25977
25998
26019
26040
26061
26082
26103
26124
26145
26166
26187
26208
26229
26250
26271
26292
26313
26334
26355
26376
26397
26418
26439
26460
26481
26502
26523
26544
26565
26586
26607
26628
26649
26670
26691
26712
26733
26754
26775
26796
26817
26838
26859
26880
26901
26922
26943
26964
26985
27006
27027
27048
27069
27090
27111
27132
27153
27174
27195
27216
27237
27258
27279
27300
27321
27342
27363
27384
27405
27426
27447
27468
27489
27510
27531
27552
27573
27594
27615
27636
27657
27678
27699
27720
27741
27762
27783
27804
27825
27846
27867
27888
27909
27930
27951
27972
27993
28014
28035
28056
28077
28098
28119
28140
28161
28182
28203
28224
28245
28266
28287
28308
28329
28350
28371
28392
28413
28434
28455
28476
28497
28518
28539
28560
28581
28602
28623
28644
28665
28686
28707
28728
28749
28770
28791
28812
28833
28854
28875
28896
28917
28938
28959
28980
29001
29022
29043
29064
29085
29106
29127
29148
29169
29190
29211
29232
29253
29274
29295
29316
29337
29358
29379
29400
29421
29442
29463
29484
29505
29526
29547
29568
29589
29610
29631
29652
29673
29694
29715
29736
29757
29778
29799
29820
29841
29862
29883
29904
29925
29946
29967
29988
30009
30030
30051
30072
30093
30114
30135
30156
30177
30198
30219
30240
30261
30282
30303
30324
30345
30366
30387
30408
30429
30450
30471
30492
30513
30534
30555
30576
30597
30618
30639
30660
30681
30702
30723
30744
30765
30786
30807
30828
30849
30870
30891
30912
30933
30954
30975
30996
31017
31038
31059
31080
31101
31122
31143
31164
31185
31206
31227
31248
31269
31290
31311
31332
31353
31374
31395
31416
31437
31458
31479
31500
31521
31542
31563
31584
31605
31626
31647
31668
31689
31710
31731
31752
31773
31794
31815
31836
31857
31878
31899
31920
31941
31962
31983
32004
32025
32046
32067
32088
32109
32130
32151
32172
32193
32214
32235
32256
32277
32298
32319
32340
32361
32382
32403
32424
32445
32466
32487
32508
32529
32550
32571
32592
32613
32634
32655
32676
32697
32718
32739
32760
32781
32802
32823
32844
32865
32886
32907
32928
32949
32970
32991
33012
33033
33054
33075
33096
33117
33138
33159
33180
33201
33222
33243
33264
33285
33306
33327
33348
33369
33390
33411
33432
33453
33474
33495
33516
33537
33558
33579
33600
33621
33642
33663
33684
33705
33726
33747
33768
33789
33810
33831
33852
33873
33894
33915
33936
33957
33978
33999
34020
34041
34062
34083
34104
34125
34146
34167
34188
34209
34230
34251
34272
34293
34314
34335
34356
34377
34398
34419
34440
34461
34482
34503
34524
34545
34566
34587
34608
34629
34650
34671
34692
34713
34734
34755
34776
34797
34818
34839
34860
34881
34902
34923
34944
34965
34986
35007
35028
35049
35070
35091
35112
35133
35154
35175
35196
35217
35238
35259
35280
35301
35322
35343
35364
35385
35406
35427
35448
35469
35490
35511
35532
35553
35574
35595
35616
35637
35658
35679
35700
35721
35742
35763
35784
35805
35826
35847
35868
35889
35910
35931
35952
35973
35994
36015
36036
36057
36078
36099
36120
36141
36162
36183
36204
36225
36246
36267
36288
36309
36330
36351
36372
36393
36414
36435
36456
36477
36498
36519
36540
36561
36582
36603
36624
36645
36666
36687
36708
36729
36750
36771
36792
36813
36834
36855
36876
36897
36918
36939
36960
36981
37002
37023
37044
37065
37086
37107
37128
37149
37170
37191
37212
37233
37254
37275
37296
37317
37338
37359
37380
37401
37422
37443
37464
37485
37506
37527
37548
37569
37590
37611
37632
37653
37674
37695
37716
37737
37758
37779
37800
37821
37842
37863
37884
37905
37926
37947
37968
37989
38010
38031
38052
38073
38094
38115
38136
38157
38178
38199
38220
38241
38262
38283
38304
38325
38346
38367
38388
38409
38430
38451
38472
38493
38514
38535
38556
38577
38598
38619
38640
38661
38682
38703
38724
38745
38766
38787
38808
38829
38850
38871
38892
38913
38934
38955
38976
38997
39018
39039
39060
39081
39102
39123
39144
39165
39186
39207
39228
39249
39270
39291
39312
39333
39354
39375
39396
39417
39438
39459
39480
39501
39522
39543
39564
39585
39606
39627
39648
39669
39690
39711
39732
39753
39774
39795
39816
39837
39858
39879
39900
39921
39942
39963
39984
40005
40026
40047
40068
40089
40110
40131
40152
40173
40194
40215
40236
40257
40278
40299
40320
40341
40362
40383
40404
40425
40446
40467
40488
40509
40530
40551
40572
40593
40614
40635
40656
40677
40698
40719
40740
40761
40782
40803
40824
40845
40866
40887
40908
40929
40950
40971
40992
41013
41034
41055
41076
41097
41118
41139
41160
41181
41202
41223
41244
41265
41286
41307
41328
41349
41370
41391
41412
41433
41454
41475
41496
41517
41538
41559
41580
41601
41622
41643
41664
41685
41706
41727
41748
41769
41790
41811
41832
41853
41874
41895
41916
41937
41958
41979
42000
42021
42042
42063
42084
42105
42126
42147
42168
42189
42210
42231
42252
42273
42294
42315
42336
42357
42378
42399
42420
42441
42462
42483
42504
42525
42546
42567
42588
42609
42630
42651
42672
42693
42714
42735
42756
42777
42798
42819
42840
42861
42882
42903
42924
42945
42966
42987
43008
43029
43050
43071
43092
43113
43134
43155
43176
43197
43218
43239
43260
43281
43302
43323
43344
43365
43386
43407
43428
43449
43470
43491
43512
43533
43554
43575
43596
43617
43638
43659
43680
43701
43722
43743
43764
43785
43806
43827
43848
43869
43890
43911
43932
43953
43974
43995
44016
44037
44058
44079
44100
44121
44142
44163
44184
44205
44226
44247
44268
44289
44310
44331
44352
44373
44394
44415
44436
44457
44478
44499
44520
44541
44562
44583
44604
44625
44646
44667
44688
44709
44730
44751
44772
44793
44814
44835
44856
44877
44898
44919
44940
44961
44982
45003
45024
45045
45066
45087
45108
45129
45150
45171
45192
45213
45234
45255
45276
45297
45318
45339
45360
45381
45402
45423
45444
45465
45486
45507
45528
45549
45570
45591
45612
45633
45654
45675
45696
45717
45738
45759
45780
45801
45822
45843
45864
45885
45906
45927
45948
45969
45990
46011
46032
46053
46074
46095
46116
46137
46158
46179
46200
46221
46242
46263
46284
46305
46326
46347
46368
46389
46410
46431
46452
46473
46494
46515
46536
46557
46578
46599
46620
46641
46662
46683
46704
46725
46746
46767
46788
46809
46830
46851
46872
46893
46914
46935
46956
46977
46998
47019
47040
47061
47082
47103
47124
47145
47166
47187
47208
47229
47250
47271
47292
47313
47334
47355
47376
47397
47418
47439
47460
47481
47502
47523
47544
47565
47586
47607
47628
47649
47670
47691
47712
47733
47754
47775
47796
47817
47838
47859
47880
47901
47922
47943
47964
47985
48006
48027
48048
48069
48090
48111
48132
48153
48174
48195
48216
48237
48258
48279
48300
48321
48342
48363
48384
48405
48426
48447
48468
48489
48510
48531
48552
48573
48594
48615
48636
48657
48678
48699
48720
48741
48762
48783
48804
48825
48846
48867
48888
48909
48930
48951
48972
48993
49014
49035
49056
49077
49098
49119
49140
49161
49182
49203
49224
49245
49266
49287
49308
49329
49350
49371
49392
49413
49434
49455
49476
49497
49518
49539
49560
49581
49602
49623
49644
49665
49686
49707
49728
49749
49770
49791
49812
49833
49854
49875
49896
49917
49938
49959
49980
50001
50022
50043
50064
50085
50106
50127
50148
50169
50190
50211
50232
50253
50274
50295
50316
50337
50358
50379
50400
50421
50442
50463
50484
50505
50526
50547
50568
50589
50610
50631
50652
50673
50694
50715
50736
50757
50778
50799
50820
50841
50862
50883
50904
50925
50946
50967
50988
51009
51030
51051
51072
51093
51114
51135
51156
51177
51198
51219
51240
51261
51282
51303
51324
51345
51366
51387
51408
51429
51450
51471
51492
51513
51534
51555
51576
51597
51618
51639
51660
51681
51702
51723
51744
51765
51786
51807
51828
51849
51870
51891
51912
51933
51954
51975
51996
52017
52038
52059
52080
52101
52122
52143
52164
52185
52206
52227
52248
52269
52290
52311
52332
52353
52374
52395
52416
52437
52458
52479
52500
52521
52542
52563
52584
52605
52626
52647
52668
52689
52710
52731
52752
52773
52794
52815
52836
52857
52878
52899
52920
52941
52962
52983
53004
53025
53046
53067
53088
53109
53130
53151
53172
53193
53214
53235
53256
53277
53298
53319
53340
53361
53382
53403
53424
53445
53466
53487
53508
53529
53550
53571
53592
53613
53634
53655
53676
53697
53718
53739
53760
53781
53802
53823
53844
53865
53886
53907
53928
53949
53970
53991
54012
54033
54054
54075
54096
54117
54138
54159
54180
54201
54222
54243
54264
54285
54306
54327
54348
54369
54390
54411
54432
54453
54474
54495
54516
54537
54558
54579
54600
54621
54642
54663
54684
54705
54726
54747
54768
54789
54810
54831
54852
54873
54894
54915
54936
54957
54978
54999
55020
55041
55062
55083
55104
55125
55146
55167
55188
55209
55230
55251
55272
55293
55314
55335
55356
55377
55398
55419
55440
55461
55482
55503
55524
55545
55566
55587
55608
55629
55650
55671
55692
55713
55734
55755
55776
55797
55818
55839
55860
55881
55902
55923
55944
55965
55986
56007
56028
56049
56070
56091
56112
56133
56154
56175
56196
56217
56238
56259
56280
56301
56322
56343
56364
56385
56406
56427
56448
56469
56490
56511
56532
56553
56574
56595
56616
56637
56658
56679
56700
56721
56742
56763
56784
56805
56826
56847
56868
56889
56910
56931
56952
56973
56994
57015
57036
57057
57078
57099
57120
57141
57162
57183
57204
57225
57246
57267
57288
57309
57330
57351
57372
57393
57414
57435
57456
57477
57498
57519
57540
57561
57582
57603
57624
57645
57666
57687
57708
57729
57750
57771
57792
57813
57834
57855
57876
57897
57918
57939
57960
57981
58002
58023
58044
58065
58086
58107
58128
58149
58170
58191
58212
58233
58254
58275
58296
58317
58338
58359
58380
58401
58422
58443
58464
58485
58506
58527
58548
58569
58590
58611
58632
58653
58674
58695
58716
58737
58758
58779
58800
58821
58842
58863
58884
58905
58926
58947
58968
58989
59010
59031
59052
59073
59094
59115
59136
59157
59178
59199
59220
59241
59262
59283
59304
59325
59346
59367
59388
59409
59430
59451
59472
59493
59514
59535
59556
59577
59598
59619
59640
59661
59682
59703
59724
59745
59766
59787
59808
59829
59850
59871
59892
59913
59934
59955
59976
59997
60018
60039
60060
60081
60102
60123
60144
60165
60186
60207
60228
60249
60270
60291
60312
60333
60354
60375
60396
60417
60438
60459
60480
60501
60522
60543
60564
60585
60606
60627
60648
60669
60690
60711
60732
60753
60774
60795
60816
60837
60858
60879
60900
60921
60942
60963
60984
61005
61026
61047
61068
61089
61110
61131
61152
61173
61194
61215
61236
61257
61278
61299
61320
61341
61362
61383
61404
61425
61446
61467
61488
61509
61530
61551
61572
61593
61614
61635
61656
61677
61698
61719
61740
61761
61782
61803
61824
61845
61866
61887
61908
61929
61950
61971
61992
62013
62034
62055
62076
62097
62118
62139
62160
62181
62202
62223
62244
62265
62286
62307
62328
62349
62370
62391
62412
62433
62454
62475
62496
62517
62538
62559
62580
62601
62622
62643
62664
62685
62706
62727
62748
62769
62790
62811
62832
62853
62874
62895
62916
62937
62958
62979
63000
63021
63042
63063
63084
63105
63126
63147
63168
63189
63210
63231
63252
63273
63294
63315
63336
63357
63378
63399
63420
63441
63462
63483
63504
63525
63546
63567
63588
63609
63630
63651
63672
63693
63714
63735
63756
63777
63798
63819
63840
63861
63882
63903
63924
63945
63966
63987
64008
64029
64050
64071
64092
64113
64134
64155
64176
64197
64218
64239
64260
64281
64302
64323
64344
64365
64386
64407
64428
64449
64470
64491
64512
64533
64554
64575
64596
64617
64638
64659
64680
64701
64722
64743
64764
64785
64806
64827
64848
64869
64890
64911
64932
64953
64974
64995
65016
65037
65058
65079
65100
65121
65142
65163
65184
65205
65226
65247
65268
65289
65310
65331
65352
65373
65394
65415
65436
65457
65478
65499
65520
65541
65562
65583
65604
65625
65646
65667
65688
65709
65730
65751
65772
65793
65814
65835
65856
65877
65898
65919
65940
65961
65982
66003
66024
66045
66066
66087
66108
66129
66150
66171
66192
66213
66234
66255
66276
66297
66318
66339
66360
66381
66402
66423
66444
66465
66486
66507
66528
66549
66570
66591
66612
66633
66654
66675
66696
66717
66738
66759
66780
66801
66822
66843
66864
66885
66906
66927
66948
66969
66990
67011
67032
67053
67074
67095
67116
67137
67158
67179
67200
67221
67242
67263
67284
67305
67326
67347
67368
67389
67410
67431
67452
67473
67494
67515
67536
67557
67578
67599
67620
67641
67662
67683
67704
67725
67746
67767
67788
67809
67830
67851
67872
67893
67914
67935
67956
67977
67998
68019
68040
68061
68082
68103
68124
68145
68166
68187
68208
68229
68250
68271
68292
68313
68334
68355
68376
68397
68418
68439
68460
68481
68502
68523
68544
68565
68586
68607
68628
68649
68670
68691
68712
68733
68754
68775
68796
68817
68838
68859
68880
68901
68922
68943
68964
68985
69006
69027
69048
69069
69090
69111
69132
69153
69174
69195
69216
69237
69258
69279
69300
69321
69342
69363
69384
69405
69426
69447
69468
69489
69510
69531
69552
69573
69594
69615
69636
69657
69678
69699
69720
69741
69762
69783
69804
69825
69846
69867
69888
69909
69930
69951
69972
69993
70014
70035
70056
70077
70098
70119
70140
70161
70182
70203
70224
70245
70266
70287
70308
70329
70350
70371
70392
70413
70434
70455
70476
70497
70518
70539
70560
70581
70602
70623
70644
70665
70686
70707
70728
70749
70770
70791
70812
70833
70854
70875
70896
70917
70938
70959
70980
71001
71022
71043
71064
71085
71106
71127
71148
71169
71190
71211
71232
71253
71274
71295
71316
71337
71358
71379
71400
71421
71442
71463
71484
71505
71526
71547
71568
71589
71610
71631
71652
71673
71694
71715
71736
71757
71778
71799
71820
71841
71862
71883
71904
71925
71946
71967
71988
72009
72030
72051
72072
72093
72114
72135
72156
72177
72198
72219
72240
72261
72282
72303
72324
72345
72366
72387
72408
72429
72450
72471
72492
72513
72534
72555
72576
72597
72618
72639
72660
72681
72702
72723
72744
72765
72786
72807
72828
72849
72870
72891
72912
72933
72954
72975
72996
73017
73038
73059
73080
73101
73122
73143
73164
73185
73206
73227
73248
73269
73290
73311
73332
73353
73374
73395
73416
73437
73458
73479
73500
73521
73542
73563
73584
73605
73626
73647
73668
73689
73710
73731
73752
73773
73794
73815
73836
73857
73878
73899
73920
73941
73962
73983
74004
74025
74046
74067
74088
74109
74130
74151
74172
74193
74214
74235
74256
74277
74298
74319
74340
74361
74382
74403
74424
74445
74466
74487
74508
74529
74550
74571
74592
74613
74634
74655
74676
74697
74718
74739
74760
74781
74802
74823
74844
74865
74886
74907
74928
74949
74970
74991
75012
75033
75054
75075
75096
75117
75138
75159
75180
75201
75222
75243
75264
75285
75306
75327
75348
75369
75390
75411
75432
75453
75474
75495
75516
75537
75558
75579
75600
75621
75642
75663
75684
75705
75726
75747
75768
75789
75810
75831
75852
75873
75894
75915
75936
75957
75978
75999
76020
76041
76062
76083
76104
76125
76146
76167
76188
76209
76230
76251
76272
76293
76314
76335
76356
76377
76398
76419
76440
76461
76482
76503
76524
76545
76566
76587
76608
76629
76650
76671
76692
76713
76734
76755
76776
76797
76818
76839
76860
76881
76902
76923
76944
76965
76986
77007
77028
77049
77070
77091
77112
77133
77154
77175
77196
77217
77238
77259
77280
77301
77322
77343
77364
77385
77406
77427
77448
77469
77490
77511
77532
77553
77574
77595
77616
77637
77658
77679
77700
77721
77742
77763
77784
77805
77826
77847
77868
77889
77910
77931
77952
77973
77994
78015
78036
78057
78078
78099
78120
78141
78162
78183
78204
78225
78246
78267
78288
78309
78330
78351
78372
78393
78414
78435
78456
78477
78498
78519
78540
78561
78582
78603
78624
78645
78666
78687
78708
78729
78750
78771
78792
78813
78834
78855
78876
78897
78918
78939
78960
78981
79002
79023
79044
79065
79086
79107
79128
79149
79170
79191
79212
79233
79254
79275
79296
79317
79338
79359
79380
79401
79422
79443
79464
79485
79506
79527
79548
79569
79590
79611
79632
79653
79674
79695
79716
79737
79758
79779
79800
79821
79842
79863
79884
79905
79926
79947
79968
79989
80010
80031
80052
80073
80094
80115
80136
80157
80178
80199
80220
80241
80262
80283
80304
80325
80346
80367
80388
80409
80430
80451
80472
80493
80514
80535
80556
80577
80598
80619
80640
80661
80682
80703
80724
80745
80766
80787
80808
80829
80850
80871
80892
80913
80934
80955
80976
80997
81018
81039
81060
81081
81102
81123
81144
81165
81186
81207
81228
81249
81270
81291
81312
81333
81354
81375
81396
81417
81438
81459
81480
81501
81522
81543
81564
81585
81606
81627
81648
81669
81690
81711
81732
81753
81774
81795
81816
81837
81858
81879
81900
81921
81942
81963
81984
82005
82026
82047
82068
82089
82110
82131
82152
82173
82194
82215
82236
82257
82278
82299
82320
82341
82362
82383
82404
82425
82446
82467
82488
82509
82530
82551
82572
82593
82614
82635
82656
82677
82698
82719
82740
82761
82782
82803
82824
82845
82866
82887
82908
82929
82950
82971
82992
83013
83034
83055
83076
83097
83118
83139
83160
83181
83202
83223
83244
83265
83286
83307
83328
83349
83370
83391
83412
83433
83454
83475
83496
83517
83538
83559
83580
83601
83622
83643
83664
83685
83706
83727
83748
83769
83790
83811
83832
83853
83874
83895
83916
83937
83958
83979
84000
84021
84042
84063
84084
84105
84126
84147
84168
84189
84210
84231
84252
84273
84294
84315
84336
84357
84378
84399
84420
84441
84462
84483
84504
84525
84546
84567
84588
84609
84630
84651
84672
84693
84714
84735
84756
84777
84798
84819
84840
84861
84882
84903
84924
84945
84966
84987
85008
85029
85050
85071
85092
85113
85134
85155
85176
85197
85218
85239
85260
85281
85302
85323
85344
85365
85386
85407
85428
85449
85470
85491
85512
85533
85554
85575
85596
85617
85638
85659
85680
85701
85722
85743
85764
85785
85806
85827
85848
85869
85890
85911
85932
85953
85974
85995
86016
86037
86058
86079
86100
86121
86142
86163
86184
86205
86226
86247
86268
86289
86310
86331
86352
86373
86394
86415
86436
86457
86478
86499
86520
86541
86562
86583
86604
86625
86646
86667
86688
86709
86730
86751
86772
86793
86814
86835
86856
86877
86898
86919
86940
86961
86982
87003
87024
87045
87066
87087
87108
87129
87150
87171
87192
87213
87234
87255
87276
87297
87318
87339
87360
87381
87402
87423
87444
87465
87486
87507
87528
87549
87570
87591
87612
87633
87654
87675
87696
87717
87738
87759
87780
87801
87822
87843
87864
87885
87906
87927
87948
87969
87990
88011
88032
88053
88074
88095
88116
88137
88158
88179
88200
88221
88242
88263
88284
88305
88326
88347
88368
88389
88410
88431
88452
88473
88494
88515
88536
88557
88578
88599
88620
88641
88662
88683
88704
88725
88746
88767
88788
88809
88830
88851
88872
88893
88914
88935
88956
88977
88998
89019
89040
89061
89082
89103
89124
89145
89166
89187
89208
89229
89250
89271
89292
89313
89334
89355
89376
89397
89418
89439
89460
89481
89502
89523
89544
89565
89586
89607
89628
89649
89670
89691
89712
89733
89754
89775
89796
89817
89838
89859
89880
89901
89922
89943
89964
89985
90006
90027
90048
90069
90090
90111
90132
90153
90174
90195
90216
90237
90258
90279
90300
90321
90342
90363
90384
90405
90426
90447
90468
90489
90510
90531
90552
90573
90594
90615
90636
90657
90678
90699
90720
90741
90762
90783
90804
90825
90846
90867
90888
90909
90930
90951
90972
90993
91014
91035
91056
91077
91098
91119
91140
91161
91182
91203
91224
91245
91266
91287
91308
91329
91350
91371
91392
91413
91434
91455
91476
91497
91518
91539
91560
91581
91602
91623
91644
91665
91686
91707
91728
91749
91770
91791
91812
91833
91854
91875
91896
91917
91938
91959
91980
92001
92022
92043
92064
92085
92106
92127
92148
92169
92190
92211
92232
92253
92274
92295
92316
92337
92358
92379
92400
92421
92442
92463
92484
92505
92526
92547
92568
92589
92610
92631
92652
92673
92694
92715
92736
92757
92778
92799
92820
92841
92862
92883
92904
92925
92946
92967
92988
93009
93030
93051
93072
93093
93114
93135
93156
93177
93198
93219
93240
93261
93282
93303
93324
93345
93366
93387
93408
93429
93450
93471
93492
93513
93534
93555
93576
93597
93618
93639
93660
93681
93702
93723
93744
93765
93786
93807
93828
93849
93870
93891
93912
93933
93954
93975
93996
94017
94038
94059
94080
94101
94122
94143
94164
94185
94206
94227
94248
94269
94290
94311
94332
94353
94374
94395
94416
94437
94458
94479
94500
94521
94542
94563
94584
94605
94626
94647
94668
94689
94710
94731
94752
94773
94794
94815
94836
94857
94878
94899
94920
94941
94962
94983
95004
95025
95046
95067
95088
95109
95130
95151
95172
95193
95214
95235
95256
95277
95298
95319
95340
95361
95382
95403
95424
95445
95466
95487
95508
95529
95550
95571
95592
95613
95634
95655
95676
95697
95718
95739
95760
95781
95802
95823
95844
95865
95886
95907
95928
95949
95970
95991
96012
96033
96054
96075
96096
96117
96138
96159
96180
96201
96222
96243
96264
96285
96306
96327
96348
96369
96390
96411
96432
96453
96474
96495
96516
96537
96558
96579
96600
96621
96642
96663
96684
96705
96726
96747
96768
96789
96810
96831
96852
96873
96894
96915
96936
96957
96978
96999
97020
97041
97062
97083
97104
97125
97146
97167
97188
97209
97230
97251
97272
97293
97314
97335
97356
97377
97398
97419
97440
97461
97482
97503
97524
97545
97566
97587
97608
97629
97650
97671
97692
97713
97734
97755
97776
97797
97818
97839
97860
97881
97902
97923
97944
97965
97986
98007
98028
98049
98070
98091
98112
98133
98154
98175
98196
98217
98238
98259
98280
98301
98322
98343
98364
98385
98406
98427
98448
98469
98490
98511
98532
98553
98574
98595
98616
98637
98658
98679
98700
98721
98742
98763
98784
98805
98826
98847
98868
98889
98910
98931
98952
98973
98994
99015
99036
99057
99078
99099
99120
99141
99162
99183
99204
99225
99246
99267
99288
99309
99330
99351
99372
99393
99414
99435
99456
99477
99498
99519
99540
99561
99582
99603
99624
99645
99666
99687
99708
99729
99750
99771
99792
99813
99834
99855
99876
99897
99918
99939
99960
99981
100002
100023
100044
100065
100086
100107
100128
100149
100170
100191
100212
100233
100254
100275
100296
100317
100338
100359
100380
100401
100422
100443
100464
100485
100506
100527
100548
100569
100590
100611
100632
100653
100674
100695
100716
100737
100758
100779
100800
100821
100842
100863
100884
100905
100926
100947
100968
100989
101010
101031
101052
101073
101094
101115
101136
101157
101178
101199
101220
101241
101262
101283
101304
101325
101346
101367
101388
101409
101430
101451
101472
101493
101514
101535
101556
101577
101598
101619
101640
101661
101682
101703
101724
101745
101766
101787
101808
101829
101850
101871
101892
101913
101934
101955
101976
101997
102018
102039
102060
102081
102102
102123
102144
102165
102186
102207
102228
102249
102270
102291
102312
102333
102354
102375
102396
102417
102438
102459
102480
102501
102522
102543
102564
102585
102606
102627
102648
102669
102690
102711
102732
102753
102774
102795
102816
102837
102858
102879
102900
102921
102942
102963
102984
103005
103026
103047
103068
103089
103110
103131
103152
103173
103194
103215
103236
103257
103278
103299
103320
103341
103362
103383
103404
103425
103446
103467
103488
103509
103530
103551
103572
103593
103614
103635
103656
103677
103698
103719
103740
103761
103782
103803
103824
103845
103866
103887
103908
103929
103950
103971
103992
104013
104034
104055
104076
104097
104118
104139
104160
104181
104202
104223
104244
104265
104286
104307
104328
104349
104370
104391
104412
104433
104454
104475
104496
104517
104538
104559
104580
104601
104622
104643
104664
104685
104706
104727
104748
104769
104790
104811
104832
104853
104874
104895
104916
104937
104958
104979
105000
105021
105042
105063
105084
105105
105126
105147
105168
105189
105210
105231
105252
105273
105294
105315
105336
105357
105378
105399
105420
105441
105462
105483
105504
105525
105546
105567
105588
105609
105630
105651
105672
105693
105714
105735
105756
105777
105798
105819
105840
105861
105882
105903
105924
105945
105966
105987
106008
106029
106050
106071
106092
106113
106134
106155
106176
106197
106218
106239
106260
106281
106302
106323
106344
106365
106386
106407
106428
106449
106470
106491
106512
106533
106554
106575
106596
106617
106638
106659
106680
106701
106722
106743
106764
106785
106806
106827
106848
106869
106890
106911
106932
106953
106974
106995
107016
107037
107058
107079
107100
107121
107142
107163
107184
107205
107226
107247
107268
107289
107310
107331
107352
107373
107394
107415
107436
107457
107478
107499
107520
107541
107562
107583
107604
107625
107646
107667
107688
107709
107730
107751
107772
107793
107814
107835
107856
107877
107898
107919
107940
107961
107982
108003
108024
108045
108066
108087
108108
108129
108150
108171
108192
108213
108234
108255
108276
108297
108318
108339
108360
108381
108402
108423
108444
108465
108486
108507
108528
108549
108570
108591
108612
108633
108654
108675
108696
108717
108738
108759
108780
108801
108822
108843
108864
108885
108906
108927
108948
108969
108990
109011
109032
109053
109074
109095
109116
109137
109158
109179
109200
109221
109242
109263
109284
109305
109326
109347
109368
109389
109410
109431
109452
109473
109494
109515
109536
109557
109578
109599
109620
109641
109662
109683
109704
109725
109746
109767
109788
109809
109830
109851
109872
109893
109914
109935
109956
109977
109998
110019
110040
110061
110082
110103
110124
110145
110166
110187
110208
110229
110250
110271
110292
110313
110334
110355
110376
110397
110418
110439
110460
110481
110502
110523
110544
110565
110586
110607
110628
110649
110670
110691
110712
110733
110754
110775
110796
110817
110838
110859
110880
110901
110922
110943
110964
110985
111006
111027
111048
111069
111090
111111
111132
111153
111174
111195
111216
111237
111258
111279
111300
111321
111342
111363
111384
111405
111426
111447
111468
111489
111510
111531
111552
111573
111594
111615
111636
111657
111678
111699
111720
111741
111762
111783
111804
111825
111846
111867
111888
111909
111930
111951
111972
111993
112014
112035
112056
112077
112098
112119
112140
112161
112182
112203
112224
112245
112266
112287
112308
112329
112350
112371
112392
112413
112434
112455
112476
112497
112518
112539
112560
112581
112602
112623
112644
112665
112686
112707
112728
112749
112770
112791
112812
112833
112854
112875
112896
112917
112938
112959
112980
113001
113022
113043
113064
113085
113106
113127
113148
113169
113190
113211
113232
113253
113274
113295
113316
113337
113358
113379
113400
113421
113442
113463
113484
113505
113526
113547
113568
113589
113610
113631
113652
113673
113694
113715
113736
113757
113778
113799
113820
113841
113862
113883
113904
113925
113946
113967
113988
114009
114030
114051
114072
114093
114114
114135
114156
114177
114198
114219
114240
114261
114282
114303
114324
114345
114366
114387
114408
114429
114450
114471
114492
114513
114534
114555
114576
114597
114618
114639
114660
114681
114702
114723
114744
114765
114786
114807
114828
114849
114870
114891
114912
114933
114954
114975
114996
115017
115038
115059
115080
115101
115122
115143
115164
115185
115206
115227
115248
115269
115290
115311
115332
115353
115374
115395
115416
115437
115458
115479
115500
115521
115542
115563
115584
115605
115626
115647
115668
115689
115710
115731
115752
115773
115794
115815
115836
115857
115878
115899
115920
115941
115962
115983
116004
116025
116046
116067
116088
116109
116130
116151
116172
116193
116214
116235
116256
116277
116298
116319
116340
116361
116382
116403
116424
116445
116466
116487
116508
116529
116550
116571
116592
116613
116634
116655
116676
116697
116718
116739
116760
116781
116802
116823
116844
116865
116886
116907
116928
116949
116970
116991
117012
117033
117054
117075
117096
117117
117138
117159
117180
117201
117222
117243
117264
117285
117306
117327
117348
117369
117390
117411
117432
117453
117474
117495
117516
117537
117558
117579
117600
117621
117642
117663
117684
117705
117726
117747
117768
117789
117810
117831
117852
117873
117894
117915
117936
117957
117978
117999
118020
118041
118062
118083
118104
118125
118146
118167
118188
118209
118230
118251
118272
118293
118314
118335
118356
118377
118398
118419
118440
118461
118482
118503
118524
118545
118566
118587
118608
118629
118650
118671
118692
118713
118734
118755
118776
118797
118818
118839
118860
118881
118902
118923
118944
118965
118986
119007
119028
119049
119070
119091
119112
119133
119154
119175
119196
119217
119238
119259
119280
119301
119322
119343
119364
119385
119406
119427
119448
119469
119490
119511
119532
119553
119574
119595
119616
119637
119658
119679
119700
119721
119742
119763
119784
119805
119826
119847
119868
119889
119910
119931
119952
119973
119994
120015
120036
120057
120078
120099
120120
120141
120162
120183
120204
120225
120246
120267
120288
120309
120330
120351
120372
120393
120414
120435
120456
120477
120498
120519
120540
120561
120582
120603
120624
120645
120666
120687
120708
120729
120750
120771
120792
120813
120834
120855
120876
120897
120918
120939
120960
120981
121002
121023
121044
121065
121086
121107
121128
121149
121170
121191
121212
121233
121254
121275
121296
121317
121338
121359
121380
121401
121422
121443
121464
121485
121506
121527
121548
121569
121590
121611
121632
121653
121674
121695
121716
121737
121758
121779
121800
121821
121842
121863
121884
121905
121926
121947
121968
121989
122010
122031
122052
122073
122094
122115
122136
122157
122178
122199
122220
122241
122262
122283
122304
122325
122346
122367
122388
122409
122430
122451
122472
122493
122514
122535
122556
122577
122598
122619
122640
122661
122682
122703
122724
122745
122766
122787
122808
122829
122850
122871
122892
122913
122934
122955
122976
122997
123018
123039
123060
123081
123102
123123
123144
123165
123186
123207
123228
123249
123270
123291
123312
123333
123354
123375
123396
123417
123438
123459
123480
123501
123522
123543
123564
123585
123606
123627
123648
123669
123690
123711
123732
123753
123774
123795
123816
123837
123858
123879
123900
123921
123942
123963
123984
124005
124026
124047
124068
124089
124110
124131
124152
124173
124194
124215
124236
124257
124278
124299
124320
124341
124362
124383
124404
124425
124446
124467
124488
124509
124530
124551
124572
124593
124614
124635
124656
124677
124698
124719
124740
124761
124782
124803
124824
124845
124866
124887
124908
124929
124950
124971
124992
125013
125034
125055
125076
125097
125118
125139
125160
125181
125202
125223
125244
125265
125286
125307
125328
125349
125370
125391
125412
125433
125454
125475
125496
125517
125538
125559
125580
125601
125622
125643
125664
125685
125706
125727
125748
125769
125790
125811
125832
125853
125874
125895
125916
125937
125958
125979
126000
126021
126042
126063
126084
126105
126126
126147
126168
126189
126210
126231
126252
126273
126294
126315
126336
126357
126378
126399
126420
126441
126462
126483
126504
126525
126546
126567
126588
126609
126630
126651
126672
126693
126714
126735
126756
126777
126798
126819
126840
126861
126882
126903
126924
126945
126966
126987
127008
127029
127050
127071
127092
127113
127134
127155
127176
127197
127218
127239
127260
127281
127302
127323
127344
127365
127386
127407
127428
127449
127470
127491
127512
127533
127554
127575
127596
127617
127638
127659
127680
127701
127722
127743
127764
127785
127806
127827
127848
127869
127890
127911
127932
127953
127974
127995
128016
128037
128058
128079
128100
128121
128142
128163
128184
128205
128226
128247
128268
128289
128310
128331
128352
128373
128394
128415
128436
128457
128478
128499
128520
128541
128562
128583
128604
128625
128646
128667
128688
128709
128730
128751
128772
128793
128814
128835
128856
128877
128898
128919
128940
128961
128982
129003
129024
129045
129066
129087
129108
129129
129150
129171
129192
129213
129234
129255
129276
129297
129318
129339
129360
129381
129402
129423
129444
129465
129486
129507
129528
129549
129570
129591
129612
129633
129654
129675
129696
129717
129738
129759
129780
129801
129822
129843
129864
129885
129906
129927
129948
129969
129990
130011
130032
130053
130074
130095
130116
130137
130158
130179
130200
130221
130242
130263
130284
130305
130326
130347
130368
130389
130410
130431
130452
130473
130494
130515
130536
130557
130578
130599
130620
130641
130662
130683
130704
130725
130746
130767
130788
130809
130830
130851
130872
130893
130914
130935
130956
130977
130998
131019
131040
131061
131082
131103
131124
131145
131166
131187
131208
131229
131250
131271
131292
131313
131334
131355
131376
131397
131418
131439
131460
131481
131502
131523
131544
131565
131586
131607
131628
131649
131670
131691
131712
131733
131754
131775
131796
131817
131838
131859
131880
131901
131922
131943
131964
131985
132006
132027
132048
132069
132090
132111
132132
132153
132174
132195
132216
132237
132258
132279
132300
132321
132342
132363
132384
132405
132426
132447
132468
132489
132510
132531
132552
132573
132594
132615
132636
132657
132678
132699
132720
132741
132762
132783
132804
132825
132846
132867
132888
132909
132930
132951
132972
132993
133014
133035
133056
133077
133098
133119
133140
133161
133182
133203
133224
133245
133266
133287
133308
133329
133350
133371
133392
133413
133434
133455
133476
133497
133518
133539
133560
133581
133602
133623
133644
133665
133686
133707
133728
133749
133770
133791
133812
133833
133854
133875
133896
133917
133938
133959
133980
134001
134022
134043
134064
134085
134106
134127
134148
134169
134190
134211
134232
134253
134274
134295
134316
134337
134358
134379
134400
134421
134442
134463
134484
134505
134526
134547
134568
134589
134610
134631
134652
134673
134694
134715
134736
134757
134778
134799
134820
134841
134862
134883
134904
134925
134946
134967
134988
135009
135030
135051
135072
135093
135114
135135
135156
135177
135198
135219
135240
135261
135282
135303
135324
135345
135366
135387
135408
135429
135450
135471
135492
135513
135534
135555
135576
135597
135618
135639
135660
135681
135702
135723
135744
135765
135786
135807
135828
135849
135870
135891
135912
135933
135954
135975
135996
136017
136038
136059
136080
136101
136122
136143
136164
136185
136206
136227
136248
136269
136290
136311
136332
136353
136374
136395
136416
136437
136458
136479
136500
136521
136542
136563
136584
136605
136626
136647
136668
136689
136710
136731
136752
136773
136794
136815
136836
136857
136878
136899
136920
136941
136962
136983
137004
137025
137046
137067
137088
137109
137130
137151
137172
137193
137214
137235
137256
137277
137298
137319
137340
137361
137382
137403
137424
137445
137466
137487
137508
137529
137550
137571
137592
137613
137634
137655
137676
137697
137718
137739
137760
137781
137802
137823
137844
137865
137886
137907
137928
137949
137970
137991
138012
138033
138054
138075
138096
138117
138138
138159
138180
138201
138222
138243
138264
138285
138306
138327
138348
138369
138390
138411
138432
138453
138474
138495
138516
138537
138558
138579
138600
138621
138642
138663
138684
138705
138726
138747
138768
138789
138810
138831
138852
138873
138894
138915
138936
138957
138978
138999
139020
139041
139062
139083
139104
139125
139146
139167
139188
139209
139230
139251
139272
139293
139314
139335
139356
139377
139398
139419
139440
139461
139482
139503
139524
139545
139566
139587
139608
139629
139650
139671
139692
139713
139734
139755
139776
139797
139818
139839
139860
139881
139902
139923
139944
139965
139986
140007
140028
140049
140070
140091
140112
140133
140154
140175
140196
140217
140238
140259
140280
140301
140322
140343
140364
140385
140406
140427
140448
140469
140490
140511
140532
140553
140574
140595
140616
140637
140658
140679
140700
140721
140742
140763
140784
140805
140826
140847
140868
140889
140910
140931
140952
140973
140994
141015
141036
141057
141078
141099
141120
141141
141162
141183
141204
141225
141246
141267
141288
141309
141330
141351
141372
141393
141414
141435
141456
141477
141498
141519
141540
141561
141582
141603
141624
141645
141666
141687
141708
141729
141750
141771
141792
141813
141834
141855
141876
141897
141918
141939
141960
141981
142002
142023
142044
142065
142086
142107
142128
142149
142170
142191
142212
142233
142254
142275
142296
142317
142338
142359
142380
142401
142422
142443
142464
142485
142506
142527
142548
142569
142590
142611
142632
142653
142674
142695
142716
142737
142758
142779
142800
142821
142842
142863
142884
142905
142926
142947
142968
142989
143010
143031
143052
143073
143094
143115
143136
143157
143178
143199
143220
143241
143262
143283
143304
143325
143346
143367
143388
143409
143430
143451
143472
143493
143514
143535
143556
143577
143598
143619
143640
143661
143682
143703
143724
143745
143766
143787
143808
143829
143850
143871
143892
143913
143934
143955
143976
143997
144018
144039
144060
144081
144102
144123
144144
144165
144186
144207
144228
144249
144270
144291
144312
144333
144354
144375
144396
144417
144438
144459
144480
144501
144522
144543
144564
144585
144606
144627
144648
144669
144690
144711
144732
144753
144774
144795
144816
144837
144858
144879
144900
144921
144942
144963
144984
145005
145026
145047
145068
145089
145110
145131
145152
145173
145194
145215
145236
145257
145278
145299
145320
145341
145362
145383
145404
145425
145446
145467
145488
145509
145530
145551
145572
145593
145614
145635
145656
145677
145698
145719
145740
145761
145782
145803
145824
145845
145866
145887
145908
145929
145950
145971
145992
146013
146034
146055
146076
146097
146118
146139
146160
146181
146202
146223
146244
146265
146286
146307
146328
146349
146370
146391
146412
146433
146454
146475
146496
146517
146538
146559
146580
146601
146622
146643
146664
146685
146706
146727
146748
146769
146790
146811
146832
146853
146874
146895
146916
146937
146958
146979
147000
147021
147042
147063
147084
147105
147126
147147
147168
147189
147210
147231
147252
147273
147294
147315
147336
147357
147378
147399
147420
147441
147462
147483
147504
147525
147546
147567
147588
147609
147630
147651
147672
147693
147714
147735
147756
147777
147798
147819
147840
147861
147882
147903
147924
147945
147966
147987
148008
148029
148050
148071
148092
148113
148134
148155
148176
148197
148218
148239
148260
148281
148302
148323
148344
148365
148386
148407
148428
148449
148470
148491
148512
148533
148554
148575
148596
148617
148638
148659
148680
148701
148722
148743
148764
148785
148806
148827
148848
148869
148890
148911
148932
148953
148974
148995
149016
149037
149058
149079
149100
149121
149142
149163
149184
149205
149226
149247
149268
149289
149310
149331
149352
149373
149394
149415
149436
149457
149478
149499
149520
149541
149562
149583
149604
149625
149646
149667
149688
149709
149730
149751
149772
149793
149814
149835
149856
149877
149898
149919
149940
149961
149982
150003
150024
150045
150066
150087
150108
150129
150150
150171
150192
150213
150234
150255
150276
150297
150318
150339
150360
150381
150402
150423
150444
150465
150486
150507
150528
150549
150570
150591
150612
150633
150654
150675
150696
150717
150738
150759
150780
150801
150822
150843
150864
150885
150906
150927
150948
150969
150990
151011
151032
151053
151074
151095
151116
151137
151158
151179
151200
151221
151242
151263
151284
151305
151326
151347
151368
151389
151410
151431
151452
151473
151494
151515
151536
151557
151578
151599
151620
151641
151662
151683
151704
151725
151746
151767
151788
151809
151830
151851
151872
151893
151914
151935
151956
151977
151998
152019
152040
152061
152082
152103
152124
152145
152166
152187
152208
152229
152250
152271
152292
152313
152334
152355
152376
152397
152418
152439
152460
152481
152502
152523
152544
152565
152586
152607
152628
152649
152670
152691
152712
152733
152754
152775
152796
152817
152838
152859
152880
152901
152922
152943
152964
152985
153006
153027
153048
153069
153090
153111
153132
153153
153174
153195
153216
153237
153258
153279
153300
153321
153342
153363
153384
153405
153426
153447
153468
153489
153510
153531
153552
153573
153594
153615
153636
153657
153678
153699
153720
153741
153762
153783
153804
153825
153846
153867
153888
153909
153930
153951
153972
153993
154014
154035
154056
154077
154098
154119
154140
154161
154182
154203
154224
154245
154266
154287
154308
154329
154350
154371
154392
154413
154434
154455
154476
154497
154518
154539
154560
154581
154602
154623
154644
154665
154686
154707
154728
154749
154770
154791
154812
154833
154854
154875
154896
154917
154938
154959
154980
155001
155022
155043
155064
155085
155106
155127
155148
155169
155190
155211
155232
155253
155274
155295
155316
155337
155358
155379
155400
155421
155442
155463
155484
155505
155526
155547
155568
155589
155610
155631
155652
155673
155694
155715
155736
155757
155778
155799
155820
155841
155862
155883
155904
155925
155946
155967
155988
156009
156030
156051
156072
156093
156114
156135
156156
156177
156198
156219
156240
156261
156282
156303
156324
156345
156366
156387
156408
156429
156450
156471
156492
156513
156534
156555
156576
156597
156618
156639
156660
156681
156702
156723
156744
156765
156786
156807
156828
156849
156870
156891
156912
156933
156954
156975
156996
157017
157038
157059
157080
157101
157122
157143
157164
157185
157206
157227
157248
157269
157290
157311
157332
157353
157374
157395
157416
157437
157458
157479
157500
157521
157542
157563
157584
157605
157626
157647
157668
157689
157710
157731
157752
157773
157794
157815
157836
157857
157878
157899
157920
157941
157962
157983
158004
158025
158046
158067
158088
158109
158130
158151
158172
158193
158214
158235
158256
158277
158298
158319
158340
158361
158382
158403
158424
158445
158466
158487
158508
158529
158550
158571
158592
158613
158634
158655
158676
158697
158718
158739
158760
158781
158802
158823
158844
158865
158886
158907
158928
158949
158970
158991
159012
159033
159054
159075
159096
159117
159138
159159
159180
159201
159222
159243
159264
159285
159306
159327
159348
159369
159390
159411
159432
159453
159474
159495
159516
159537
159558
159579
159600
159621
159642
159663
159684
159705
159726
159747
159768
159789
159810
159831
159852
159873
159894
159915
159936
159957
159978
159999
160020
160041
160062
160083
160104
160125
160146
160167
160188
160209
160230
160251
160272
160293
160314
160335
160356
160377
160398
160419
160440
160461
160482
160503
160524
160545
160566
160587
160608
160629
160650
160671
160692
160713
160734
160755
160776
160797
160818
160839
160860
160881
160902
160923
160944
160965
160986
161007
161028
161049
161070
161091
161112
161133
161154
161175
161196
161217
161238
161259
161280
161301
161322
161343
161364
161385
161406
161427
161448
161469
161490
161511
161532
161553
161574
161595
161616
161637
161658
161679
161700
161721
161742
161763
161784
161805
161826
161847
161868
161889
161910
161931
161952
161973
161994
162015
162036
162057
162078
162099
162120
162141
162162
162183
162204
162225
162246
162267
162288
162309
162330
162351
162372
162393
162414
162435
162456
162477
162498
162519
162540
162561
162582
162603
162624
162645
162666
162687
162708
162729
162750
162771
162792
162813
162834
162855
162876
162897
162918
162939
162960
162981
163002
163023
163044
163065
163086
163107
163128
163149
163170
163191
163212
163233
163254
163275
163296
163317
163338
163359
163380
163401
163422
163443
163464
163485
163506
163527
163548
163569
163590
163611
163632
163653
163674
163695
163716
163737
163758
163779
163800
163821
163842
163863
163884
163905
163926
163947
163968
163989
164010
164031
164052
164073
164094
164115
164136
164157
164178
164199
164220
164241
164262
164283
164304
164325
164346
164367
164388
164409
164430
164451
164472
164493
164514
164535
164556
164577
164598
164619
164640
164661
164682
164703
164724
164745
164766
164787
164808
164829
164850
164871
164892
164913
164934
164955
164976
164997
165018
165039
165060
165081
165102
165123
165144
165165
165186
165207
165228
165249
165270
165291
165312
165333
165354
165375
165396
165417
165438
165459
165480
165501
165522
165543
165564
165585
165606
165627
165648
165669
165690
165711
165732
165753
165774
165795
165816
165837
165858
165879
165900
165921
165942
165963
165984
166005
166026
166047
166068
166089
166110
166131
166152
166173
166194
166215
166236
166257
166278
166299
166320
166341
166362
166383
166404
166425
166446
166467
166488
166509
166530
166551
166572
166593
166614
166635
166656
166677
166698
166719
166740
166761
166782
166803
166824
166845
166866
166887
166908
166929
166950
166971
166992
167013
167034
167055
167076
167097
167118
167139
167160
167181
167202
167223
167244
167265
167286
167307
167328
167349
167370
167391
167412
167433
167454
167475
167496
167517
167538
167559
167580
167601
167622
167643
167664
167685
167706
167727
167748
167769
167790
167811
167832
167853
167874
167895
167916
167937
167958
167979
168000
168021
168042
168063
168084
168105
168126
168147
168168
168189
168210
168231
168252
168273
168294
168315
168336
168357
168378
168399
168420
168441
168462
168483
168504
168525
168546
168567
168588
168609
168630
168651
168672
168693
168714
168735
168756
168777
168798
168819
168840
168861
168882
168903
168924
168945
168966
168987
169008
169029
169050
169071
169092
169113
169134
169155
169176
169197
169218
169239
169260
169281
169302
169323
169344
169365
169386
169407
169428
169449
169470
169491
169512
169533
169554
169575
169596
169617
169638
169659
169680
169701
169722
169743
169764
169785
169806
169827
169848
169869
169890
169911
169932
169953
169974
169995
170016
170037
170058
170079
170100
170121
170142
170163
170184
170205
170226
170247
170268
170289
170310
170331
170352
170373
170394
170415
170436
170457
170478
170499
170520
170541
170562
170583
170604
170625
170646
170667
170688
170709
170730
170751
170772
170793
170814
170835
170856
170877
170898
170919
170940
170961
170982
171003
171024
171045
171066
171087
171108
171129
171150
171171
171192
171213
171234
171255
171276
171297
171318
171339
171360
171381
171402
171423
171444
171465
171486
171507
171528
171549
171570
171591
171612
171633
171654
171675
171696
171717
171738
171759
171780
171801
171822
171843
171864
171885
171906
171927
171948
171969
171990
172011
172032
172053
172074
172095
172116
172137
172158
172179
172200
172221
172242
172263
172284
172305
172326
172347
172368
172389
172410
172431
172452
172473
172494
172515
172536
172557
172578
172599
172620
172641
172662
172683
172704
172725
172746
172767
172788
172809
172830
172851
172872
172893
172914
172935
172956
172977
172998
173019
173040
173061
173082
173103
173124
173145
173166
173187
173208
173229
173250
173271
173292
173313
173334
173355
173376
173397
173418
173439
173460
173481
173502
173523
173544
173565
173586
173607
173628
173649
173670
173691
173712
173733
173754
173775
173796
173817
173838
173859
173880
173901
173922
173943
173964
173985
174006
174027
174048
174069
174090
174111
174132
174153
174174
174195
174216
174237
174258
174279
174300
174321
174342
174363
174384
174405
174426
174447
174468
174489
174510
174531
174552
174573
174594
174615
174636
174657
174678
174699
174720
174741
174762
174783
174804
174825
174846
174867
174888
174909
174930
174951
174972
174993
175014
175035
175056
175077
175098
175119
175140
175161
175182
175203
175224
175245
175266
175287
175308
175329
175350
175371
175392
175413
175434
175455
175476
175497
175518
175539
175560
175581
175602
175623
175644
175665
175686
175707
175728
175749
175770
175791
175812
175833
175854
175875
175896
175917
175938
175959
175980
176001
176022
176043
176064
176085
176106
176127
176148
176169
176190
176211
176232
176253
176274
176295
176316
176337
176358
176379
176400
176421
176442
176463
176484
176505
176526
176547
176568
176589
176610
176631
176652
176673
176694
176715
176736
176757
176778
176799
176820
176841
176862
176883
176904
176925
176946
176967
176988
177009
177030
177051
177072
177093
177114
177135
177156
177177
177198
177219
177240
177261
177282
177303
177324
177345
177366
177387
177408
177429
177450
177471
177492
177513
177534
177555
177576
177597
177618
177639
177660
177681
177702
177723
177744
177765
177786
177807
177828
177849
177870
177891
177912
177933
177954
177975
177996
178017
178038
178059
178080
178101
178122
178143
178164
178185
178206
178227
178248
178269
178290
178311
178332
178353
178374
178395
178416
178437
178458
178479
178500
178521
178542
178563
178584
178605
178626
178647
178668
178689
178710
178731
178752
178773
178794
178815
178836
178857
178878
178899
178920
178941
178962
178983
179004
179025
179046
179067
179088
179109
179130
179151
179172
179193
179214
179235
179256
179277
179298
179319
179340
179361
179382
179403
179424
179445
179466
179487
179508
179529
179550
179571
179592
179613
179634
179655
179676
179697
179718
179739
179760
179781
179802
179823
179844
179865
179886
179907
179928
179949
179970
179991
180012
180033
180054
180075
180096
180117
180138
180159
180180
180201
180222
180243
180264
180285
180306
180327
180348
180369
180390
180411
180432
180453
180474
180495
180516
180537
180558
180579
180600
180621
180642
180663
180684
180705
180726
180747
180768
180789
180810
180831
180852
180873
180894
180915
180936
180957
180978
180999
181020
181041
181062
181083
181104
181125
181146
181167
181188
181209
181230
181251
181272
181293
181314
181335
181356
181377
181398
181419
181440
181461
181482
181503
181524
181545
181566
181587
181608
181629
181650
181671
181692
181713
181734
181755
181776
181797
181818
181839
181860
181881
181902
181923
181944
181965
181986
182007
182028
182049
182070
182091
182112
182133
182154
182175
182196
182217
182238
182259
182280
182301
182322
182343
182364
182385
182406
182427
182448
182469
182490
182511
182532
182553
182574
182595
182616
182637
182658
182679
182700
182721
182742
182763
182784
182805
182826
182847
182868
182889
182910
182931
182952
182973
182994
183015
183036
183057
183078
183099
183120
183141
183162
183183
183204
183225
183246
183267
183288
183309
183330
183351
183372
183393
183414
183435
183456
183477
183498
183519
183540
183561
183582
183603
183624
183645
183666
183687
183708
183729
183750
183771
183792
183813
183834
183855
183876
183897
183918
183939
183960
183981
184002
184023
184044
184065
184086
184107
184128
184149
184170
184191
184212
184233
184254
184275
184296
184317
184338
184359
184380
184401
184422
184443
184464
184485
184506
184527
184548
184569
184590
184611
184632
184653
184674
184695
184716
184737
184758
184779
184800
184821
184842
184863
184884
184905
184926
184947
184968
184989
185010
185031
185052
185073
185094
185115
185136
185157
185178
185199
185220
185241
185262
185283
185304
185325
185346
185367
185388
185409
185430
185451
185472
185493
185514
185535
185556
185577
185598
185619
185640
185661
185682
185703
185724
185745
185766
185787
185808
185829
185850
185871
185892
185913
185934
185955
185976
185997
186018
186039
186060
186081
186102
186123
186144
186165
186186
186207
186228
186249
186270
186291
186312
186333
186354
186375
186396
186417
186438
186459
186480
186501
186522
186543
186564
186585
186606
186627
186648
186669
186690
186711
186732
186753
186774
186795
186816
186837
186858
186879
186900
186921
186942
186963
186984
187005
187026
187047
187068
187089
187110
187131
187152
187173
187194
187215
187236
187257
187278
187299
187320
187341
187362
187383
187404
187425
187446
187467
187488
187509
187530
187551
187572
187593
187614
187635
187656
187677
187698
187719
187740
187761
187782
187803
187824
187845
187866
187887
187908
187929
187950
187971
187992
188013
188034
188055
188076
188097
188118
188139
188160
188181
188202
188223
188244
188265
188286
188307
188328
188349
188370
188391
188412
188433
188454
188475
188496
188517
188538
188559
188580
188601
188622
188643
188664
188685
188706
188727
188748
188769
188790
188811
188832
188853
188874
188895
188916
188937
188958
188979
189000
189021
189042
189063
189084
189105
189126
189147
189168
189189
189210
189231
189252
189273
189294
189315
189336
189357
189378
189399
189420
189441
189462
189483
189504
189525
189546
189567
189588
189609
189630
189651
189672
189693
189714
189735
189756
189777
189798
189819
189840
189861
189882
189903
189924
189945
189966
189987
190008
190029
190050
190071
190092
190113
190134
190155
190176
190197
190218
190239
190260
190281
190302
190323
190344
190365
190386
190407
190428
190449
190470
190491
190512
190533
190554
190575
190596
190617
190638
190659
190680
190701
190722
190743
190764
190785
190806
190827
190848
190869
190890
190911
190932
190953
190974
190995
191016
191037
191058
191079
191100
191121
191142
191163
191184
191205
191226
191247
191268
191289
191310
191331
191352
191373
191394
191415
191436
191457
191478
191499
191520
191541
191562
191583
191604
191625
191646
191667
191688
191709
191730
191751
191772
191793
191814
191835
191856
191877
191898
191919
191940
191961
191982
192003
192024
192045
192066
192087
192108
192129
192150
192171
192192
192213
192234
192255
192276
192297
192318
192339
192360
192381
192402
192423
192444
192465
192486
192507
192528
192549
192570
192591
192612
192633
192654
192675
192696
192717
192738
192759
192780
192801
192822
192843
192864
192885
192906
192927
192948
192969
192990
193011
193032
193053
193074
193095
193116
193137
193158
193179
193200
193221
193242
193263
193284
193305
193326
193347
193368
193389
193410
193431
193452
193473
193494
193515
193536
193557
193578
193599
193620
193641
193662
193683
193704
193725
193746
193767
193788
193809
193830
193851
193872
193893
193914
193935
193956
193977
193998
194019
194040
194061
194082
194103
194124
194145
194166
194187
194208
194229
194250
194271
194292
194313
194334
194355
194376
194397
194418
194439
194460
194481
194502
194523
194544
194565
194586
194607
194628
194649
194670
194691
194712
194733
194754
194775
194796
194817
194838
194859
194880
194901
194922
194943
194964
194985
195006
195027
195048
195069
195090
195111
195132
195153
195174
195195
195216
195237
195258
195279
195300
195321
195342
195363
195384
195405
195426
195447
195468
195489
195510
195531
195552
195573
195594
195615
195636
195657
195678
195699
195720
195741
195762
195783
195804
195825
195846
195867
195888
195909
195930
195951
195972
195993
196014
196035
196056
196077
196098
196119
196140
196161
196182
196203
196224
196245
196266
196287
196308
196329
196350
196371
196392
196413
196434
196455
196476
196497
196518
196539
196560
196581
196602
196623
196644
196665
196686
196707
196728
196749
196770
196791
196812
196833
196854
196875
196896
196917
196938
196959
196980
197001
197022
197043
197064
197085
197106
197127
197148
197169
197190
197211
197232
197253
197274
197295
197316
197337
197358
197379
197400
197421
197442
197463
197484
197505
197526
197547
197568
197589
197610
197631
197652
197673
197694
197715
197736
197757
197778
197799
197820
197841
197862
197883
197904
197925
197946
197967
197988
198009
198030
198051
198072
198093
198114
198135
198156
198177
198198
198219
198240
198261
198282
198303
198324
198345
198366
198387
198408
198429
198450
198471
198492
198513
198534
198555
198576
198597
198618
198639
198660
198681
198702
198723
198744
198765
198786
198807
198828
198849
198870
198891
198912
198933
198954
198975
198996
199017
199038
199059
199080
199101
199122
199143
199164
199185
199206
199227
199248
199269
199290
199311
199332
199353
199374
199395
199416
199437
199458
199479
199500
199521
199542
199563
199584
199605
199626
199647
199668
199689
199710
199731
199752
199773
199794
199815
199836
199857
199878
199899
199920
199941
199962
199983
200004
200025
200046
200067
200088
200109
200130
200151
200172
200193
200214
200235
200256
200277
200298
200319
200340
200361
200382
200403
200424
200445
200466
200487
200508
200529
200550
200571
200592
200613
200634
200655
200676
200697
200718
200739
200760
200781
200802
200823
200844
200865
200886
200907
200928
200949
200970
200991
201012
201033
201054
201075
201096
201117
201138
201159
201180
201201
201222
201243
201264
201285
201306
201327
201348
201369
201390
201411
201432
201453
201474
201495
201516
201537
201558
201579
201600
201621
201642
201663
201684
201705
201726
201747
201768
201789
201810
201831
201852
201873
201894
201915
201936
201957
201978
201999
202020
202041
202062
202083
202104
202125
202146
202167
202188
202209
202230
202251
202272
202293
202314
202335
202356
202377
202398
202419
202440
202461
202482
202503
202524
202545
202566
202587
202608
202629
202650
202671
202692
202713
202734
202755
202776
202797
202818
202839
202860
202881
202902
202923
202944
202965
202986
203007
203028
203049
203070
203091
203112
203133
203154
203175
203196
203217
203238
203259
203280
203301
203322
203343
203364
203385
203406
203427
203448
203469
203490
203511
203532
203553
203574
203595
203616
203637
203658
203679
203700
203721
203742
203763
203784
203805
203826
203847
203868
203889
203910
203931
203952
203973
203994
204015
204036
204057
204078
204099
204120
204141
204162
204183
204204
204225
204246
204267
204288
204309
204330
204351
204372
204393
204414
204435
204456
204477
204498
204519
204540
204561
204582
204603
204624
204645
204666
204687
204708
204729
204750
204771
204792
204813
204834
204855
204876
204897
204918
204939
204960
204981
205002
205023
205044
205065
205086
205107
205128
205149
205170
205191
205212
205233
205254
205275
205296
205317
205338
205359
205380
205401
205422
205443
205464
205485
205506
205527
205548
205569
205590
205611
205632
205653
205674
205695
205716
205737
205758
205779
205800
205821
205842
205863
205884
205905
205926
205947
205968
205989
206010
206031
206052
206073
206094
206115
206136
206157
206178
206199
206220
206241
206262
206283
206304
206325
206346
206367
206388
206409
206430
206451
206472
206493
206514
206535
206556
206577
206598
206619
206640
206661
206682
206703
206724
206745
206766
206787
206808
206829
206850
206871
206892
206913
206934
206955
206976
206997
207018
207039
207060
207081
207102
207123
207144
207165
207186
207207
207228
207249
207270
207291
207312
207333
207354
207375
207396
207417
207438
207459
207480
207501
207522
207543
207564
207585
207606
207627
207648
207669
207690
207711
207732
207753
207774
207795
207816
207837
207858
207879
207900
207921
207942
207963
207984
208005
208026
208047
208068
208089
208110
208131
208152
208173
208194
208215
208236
208257
208278
208299
208320
208341
208362
208383
208404
208425
208446
208467
208488
208509
208530
208551
208572
208593
208614
208635
208656
208677
208698
208719
208740
208761
208782
208803
208824
208845
208866
208887
208908
208929
208950
208971
208992
209013
209034
209055
209076
209097
209118
209139
209160
209181
209202
209223
209244
209265
209286
209307
209328
209349
209370
209391
209412
209433
209454
209475
209496
209517
209538
209559
209580
209601
209622
209643
209664
209685
209706
209727
209748
209769
209790
209811
209832
209853
209874
209895
209916
209937
209958
209979
210000
210021
210042
210063
210084
210105
210126
210147
210168
210189
210210
210231
210252
210273
210294
210315
210336
210357
210378
210399
210420
210441
210462
210483
210504
210525
210546
210567
210588
210609
210630
210651
210672
210693
210714
210735
210756
210777
210798
210819
210840
210861
210882
210903
210924
210945
210966
210987
211008
211029
211050
211071
211092
211113
211134
211155
211176
211197
211218
211239
211260
211281
211302
211323
211344
211365
211386
211407
211428
211449
211470
211491
211512
211533
211554
211575
211596
211617
211638
211659
211680
211701
211722
211743
211764
211785
211806
211827
211848
211869
211890
211911
211932
211953
211974
211995
212016
212037
212058
212079
212100
212121
212142
212163
212184
212205
212226
212247
212268
212289
212310
212331
212352
212373
212394
212415
212436
212457
212478
212499
212520
212541
212562
212583
212604
212625
212646
212667
212688
212709
212730
212751
212772
212793
212814
212835
212856
212877
212898
212919
212940
212961
212982
213003
213024
213045
213066
213087
213108
213129
213150
213171
213192
213213
213234
213255
213276
213297
213318
213339
213360
213381
213402
213423
213444
213465
213486
213507
213528
213549
213570
213591
213612
213633
213654
213675
213696
213717
213738
213759
213780
213801
213822
213843
213864
213885
213906
213927
213948
213969
213990
214011
214032
214053
214074
214095
214116
214137
214158
214179
214200
214221
