1
22
43
64
85
106
127
148
169
190
211
232
253
274
295
316
337
358
379
400
421
442
463
484
505
526
547
568
589
610
631
652
673
694
715
736
757
778
799
820
841
862
883
904
925
946
967
988
1009
1030
1051
1072
1093
1114
1135
1156
1177
1198
1219
1240
1261
1282
1303
1324
1345
1366
1387
1408
1429
1450
1471
1492
1513
1534
1555
1576
1597
1618
1639
1660
1681
1702
1723
1744
1765
1786
1807
1828
1849
1870
1891
1912
1933
1954
1975
1996
2017
2038
2059
2080
2101
2122
2143
2164
2185
2206
2227
2248
2269
2290
2311
2332
2353
2374
2395
2416
2437
2458
2479
2500
2521
2542
2563
2584
2605
2626
2647
2668
2689
2710
2731
2752
2773
2794
2815
2836
2857
2878
2899
2920
2941
2962
2983
3004
3025
3046
3067
3088
3109
3130
3151
3172
3193
3214
3235
3256
3277
3298
3319
3340
3361
3382
3403
3424
3445
3466
3487
3508
3529
3550
3571
3592
3613
3634
3655
3676
3697
3718
3739
3760
3781
3802
3823
3844
3865
3886
3907
3928
3949
3970
3991
4012
4033
4054
4075
4096
4117
4138
4159
4180
4201
4222
4243
4264
4285
4306
4327
4348
4369
4390
4411
4432
4453
4474
4495
4516
4537
4558
4579
4600
4621
4642
4663
4684
4705
4726
4747
4768
4789
4810
4831
4852
4873
4894
4915
4936
4957
4978
4999
5020
5041
5062
5083
5104
5125
5146
5167
5188
5209
5230
5251
5272
5293
5314
5335
5356
5377
5398
5419
5440
5461
5482
5503
5524
5545
5566
5587
5608
5629
5650
5671
5692
5713
5734
5755
5776
5797
5818
5839
5860
5881
5902
5923
5944
5965
5986
6007
6028
6049
6070
6091
6112
6133
6154
6175
6196
6217
6238
6259
6280
6301
6322
6343
6364
6385
6406
6427
6448
6469
6490
6511
6532
6553
6574
6595
6616
6637
6658
6679
6700
6721
6742
6763
6784
6805
6826
6847
6868
6889
6910
6931
6952
6973
6994
7015
7036
7057
7078
7099
7120
7141
7162
7183
7204
7225
7246
7267
7288
7309
7330
7351
7372
7393
7414
7435
7456
7477
7498
7519
7540
7561
7582
7603
7624
7645
7666
7687
7708
7729
7750
7771
7792
7813
7834
7855
7876
7897
7918
7939
7960
7981
8002
8023
8044
8065
8086
8107
8128
8149
8170
8191
8212
8233
8254
8275
8296
8317
8338
8359
8380
8401
8422
8443
8464
8485
8506
8527
8548
8569
8590
8611
8632
8653
8674
8695
8716
8737
8758
8779
8800
8821
8842
8863
8884
8905
8926
8947
8968
8989
9010
9031
9052
9073
9094
9115
9136
9157
9178
9199
9220
9241
9262
9283
9304
9325
9346
9367
9388
9409
9430
9451
9472
9493
9514
9535
9556
9577
9598
9619
9640
9661
9682
9703
9724
9745
9766
9787
9808
9829
9850
9871
9892
9913
9934
9955
9976
9997
10018
10039
10060
10081
10102
10123
10144
10165
10186
10207
10228
10249
10270
10291
10312
10333
10354
10375
10396
10417
10438
10459
10480
10501
10522
10543
10564
10585
10606
10627
10648
10669
10690
10711
10732
10753
10774
10795
10816
10837
10858
10879
10900
10921
10942
10963
10984
11005
11026
11047
11068
11089
11110
11131
11152
11173
11194
11215
11236
11257
11278
11299
11320
11341
11362
11383
11404
11425
11446
11467
11488
11509
11530
11551
11572
11593
11614
11635
11656
11677
11698
11719
11740
11761
11782
11803
11824
11845
11866
11887
11908
11929
11950
11971
11992
12013
12034
12055
12076
12097
12118
12139
12160
12181
12202
12223
12244
12265
12286
12307
12328
12349
12370
12391
12412
12433
12454
12475
12496
12517
12538
12559
12580
12601
12622
12643
12664
12685
12706
12727
12748
12769
12790
12811
12832
12853
12874
12895
12916
12937
12958
12979
13000
13021
13042
13063
13084
13105
13126
13147
13168
13189
13210
13231
13252
13273
13294
13315
13336
13357
13378
13399
13420
13441
13462
13483
13504
13525
13546
13567
13588
13609
13630
13651
13672
13693
13714
13735
13756
13777
13798
13819
13840
13861
13882
13903
13924
13945
13966
13987
14008
14029
14050
14071
14092
14113
14134
14155
14176
14197
14218
14239
14260
14281
14302
14323
14344
14365
14386
14407
14428
14449
14470
14491
14512
14533
14554
14575
14596
14617
14638
14659
14680
14701
14722
14743
14764
14785
14806
14827
14848
14869
14890
14911
14932
14953
14974
14995
15016
15037
15058
15079
15100
15121
15142
15163
15184
15205
15226
15247
15268
15289
15310
15331
15352
15373
15394
15415
15436
15457
15478
15499
15520
15541
15562
15583
15604
15625
15646
15667
15688
15709
15730
15751
15772
15793
15814
15835
15856
15877
15898
15919
15940
15961
15982
16003
16024
16045
16066
16087
16108
16129
16150
16171
16192
16213
16234
16255
16276
16297
16318
16339
16360
16381
16402
16423
16444
16465
16486
16507
16528
16549
16570
16591
16612
16633
16654
16675
16696
16717
16738
16759
16780
16801
16822
16843
16864
16885
16906
16927
16948
16969
16990
17011
17032
17053
17074
17095
17116
17137
17158
17179
17200
17221
17242
17263
17284
17305
17326
17347
17368
17389
17410
17431
17452
17473
17494
17515
17536
17557
17578
17599
17620
17641
17662
17683
17704
17725
17746
17767
17788
17809
17830
17851
17872
17893
17914
17935
17956
17977
17998
18019
18040
18061
18082
18103
18124
18145
18166
18187
18208
18229
18250
18271
18292
18313
18334
18355
18376
18397
18418
18439
18460
18481
18502
18523
18544
18565
18586
18607
18628
18649
18670
18691
18712
18733
18754
18775
18796
18817
18838
18859
18880
18901
18922
18943
18964
18985
19006
19027
19048
19069
19090
19111
19132
19153
19174
19195
19216
19237
19258
19279
19300
19321
19342
19363
19384
19405
19426
19447
19468
19489
19510
19531
19552
19573
19594
19615
19636
19657
19678
19699
19720
19741
19762
19783
19804
19825
19846
19867
19888
19909
19930
19951
19972
19993
20014
20035
20056
20077
20098
20119
20140
20161
20182
20203
20224
20245
20266
20287
20308
20329
20350
20371
20392
20413
20434
20455
20476
20497
20518
20539
20560
20581
20602
20623
20644
20665
20686
20707
20728
20749
20770
20791
20812
20833
20854
20875
20896
20917
20938
20959
20980
21001
21022
21043
21064
21085
21106
21127
21148
21169
21190
21211
21232
21253
21274
21295
21316
21337
21358
21379
21400
21421
21442
21463
21484
21505
21526
21547
21568
21589
21610
21631
21652
21673
21694
21715
21736
21757
21778
21799
21820
21841
21862
21883
21904
21925
21946
21967
21988
22009
22030
22051
22072
22093
22114
22135
22156
22177
22198
22219
22240
22261
22282
22303
22324
22345
22366
22387
22408
22429
22450
22471
22492
22513
22534
22555
22576
22597
22618
22639
22660
22681
22702
22723
22744
22765
22786
22807
22828
22849
22870
22891
22912
22933
22954
22975
22996
23017
23038
23059
23080
23101
23122
23143
23164
23185
23206
23227
23248
23269
23290
23311
23332
23353
23374
23395
23416
23437
23458
23479
23500
23521
23542
23563
23584
23605
23626
23647
23668
23689
23710
23731
23752
23773
23794
23815
23836
23857
23878
23899
23920
23941
23962
23983
24004
24025
24046
24067
24088
24109
24130
24151
24172
24193
24214
24235
24256
24277
24298
24319
24340
24361
24382
24403
24424
24445
24466
24487
24508
24529
24550
24571
24592
24613
24634
24655
24676
24697
24718
24739
24760
24781
24802
24823
24844
24865
24886
24907
24928
24949
24970
24991
25012
25033
25054
25075
25096
25117
25138
25159
25180
25201
25222
25243
25264
25285
25306
25327
25348
25369
25390
25411
25432
25453
25474
25495
25516
25537
25558
25579
25600
25621
25642
25663
25684
25705
25726
25747
25768
25789
25810
25831
25852
25873
25894
25915
25936
25957
25978
25999
26020
26041
26062
26083
26104
26125
26146
26167
26188
26209
26230
26251
26272
26293
26314
26335
26356
26377
26398
26419
26440
26461
26482
26503
26524
26545
26566
26587
26608
26629
26650
26671
26692
26713
26734
26755
26776
26797
26818
26839
26860
26881
26902
26923
26944
26965
26986
27007
27028
27049
27070
27091
27112
27133
27154
27175
27196
27217
27238
27259
27280
27301
27322
27343
27364
27385
27406
27427
27448
27469
27490
27511
27532
27553
27574
27595
27616
27637
27658
27679
27700
27721
27742
27763
27784
27805
27826
27847
27868
27889
27910
27931
27952
27973
27994
28015
28036
28057
28078
28099
28120
28141
28162
28183
28204
28225
28246
28267
28288
28309
28330
28351
28372
28393
28414
28435
28456
28477
28498
28519
28540
28561
28582
28603
28624
28645
28666
28687
28708
28729
28750
28771
28792
28813
28834
28855
28876
28897
28918
28939
28960
28981
29002
29023
29044
29065
29086
29107
29128
29149
29170
29191
29212
29233
29254
29275
29296
29317
29338
29359
29380
29401
29422
29443
29464
29485
29506
29527
29548
29569
29590
29611
29632
29653
29674
29695
29716
29737
29758
29779
29800
29821
29842
29863
29884
29905
29926
29947
29968
29989
30010
30031
30052
30073
30094
30115
30136
30157
30178
30199
30220
30241
30262
30283
30304
30325
30346
30367
30388
30409
30430
30451
30472
30493
30514
30535
30556
30577
30598
30619
30640
30661
30682
30703
30724
30745
30766
30787
30808
30829
30850
30871
30892
30913
30934
30955
30976
30997
31018
31039
31060
31081
31102
31123
31144
31165
31186
31207
31228
31249
31270
31291
31312
31333
31354
31375
31396
31417
31438
31459
31480
31501
31522
31543
31564
31585
31606
31627
31648
31669
31690
31711
31732
31753
31774
31795
31816
31837
31858
31879
31900
31921
31942
31963
31984
32005
32026
32047
32068
32089
32110
32131
32152
32173
32194
32215
32236
32257
32278
32299
32320
32341
32362
32383
32404
32425
32446
32467
32488
32509
32530
32551
32572
32593
32614
32635
32656
32677
32698
32719
32740
32761
32782
32803
32824
32845
32866
32887
32908
32929
32950
32971
32992
33013
33034
33055
33076
33097
33118
33139
33160
33181
33202
33223
33244
33265
33286
33307
33328
33349
33370
33391
33412
33433
33454
33475
33496
33517
33538
33559
33580
33601
33622
33643
33664
33685
33706
33727
33748
33769
33790
33811
33832
33853
33874
33895
33916
33937
33958
33979
34000
34021
34042
34063
34084
34105
34126
34147
34168
34189
34210
34231
34252
34273
34294
34315
34336
34357
34378
34399
34420
34441
34462
34483
34504
34525
34546
34567
34588
34609
34630
34651
34672
34693
34714
34735
34756
34777
34798
34819
34840
34861
34882
34903
34924
34945
34966
34987
35008
35029
35050
35071
35092
35113
35134
35155
35176
35197
35218
35239
35260
35281
35302
35323
35344
35365
35386
35407
35428
35449
35470
35491
35512
35533
35554
35575
35596
35617
35638
35659
35680
35701
35722
35743
35764
35785
35806
35827
35848
35869
35890
35911
35932
35953
35974
35995
36016
36037
36058
36079
36100
36121
36142
36163
36184
36205
36226
36247
36268
36289
36310
36331
36352
36373
36394
36415
36436
36457
36478
36499
36520
36541
36562
36583
36604
36625
36646
36667
36688
36709
36730
36751
36772
36793
36814
36835
36856
36877
36898
36919
36940
36961
36982
37003
37024
37045
37066
37087
37108
37129
37150
37171
37192
37213
37234
37255
37276
37297
37318
37339
37360
37381
37402
37423
37444
37465
37486
37507
37528
37549
37570
37591
37612
37633
37654
37675
37696
37717
37738
37759
37780
37801
37822
37843
37864
37885
37906
37927
37948
37969
37990
38011
38032
38053
38074
38095
38116
38137
38158
38179
38200
38221
38242
38263
38284
38305
38326
38347
38368
38389
38410
38431
38452
38473
38494
38515
38536
38557
38578
38599
38620
38641
38662
38683
38704
38725
38746
38767
38788
38809
38830
38851
38872
38893
38914
38935
38956
38977
38998
39019
39040
39061
39082
39103
39124
39145
39166
39187
39208
39229
39250
39271
39292
39313
39334
39355
39376
39397
39418
39439
39460
39481
39502
39523
39544
39565
39586
39607
39628
39649
39670
39691
39712
39733
39754
39775
39796
39817
39838
39859
39880
39901
39922
39943
39964
39985
40006
40027
40048
40069
40090
40111
40132
40153
40174
40195
40216
40237
40258
40279
40300
40321
40342
40363
40384
40405
40426
40447
40468
40489
40510
40531
40552
40573
40594
40615
40636
40657
40678
40699
40720
40741
40762
40783
40804
40825
40846
40867
40888
40909
40930
40951
40972
40993
41014
41035
41056
41077
41098
41119
41140
41161
41182
41203
41224
41245
41266
41287
41308
41329
41350
41371
41392
41413
41434
41455
41476
41497
41518
41539
41560
41581
41602
41623
41644
41665
41686
41707
41728
41749
41770
41791
41812
41833
41854
41875
41896
41917
41938
41959
41980
42001
42022
42043
42064
42085
42106
42127
42148
42169
42190
42211
42232
42253
42274
42295
42316
42337
42358
42379
42400
42421
42442
42463
42484
42505
42526
42547
42568
42589
42610
42631
42652
42673
42694
42715
42736
42757
42778
42799
42820
42841
42862
42883
42904
42925
42946
42967
42988
43009
43030
43051
43072
43093
43114
43135
43156
43177
43198
43219
43240
43261
43282
43303
43324
43345
43366
43387
43408
43429
43450
43471
43492
43513
43534
43555
43576
43597
43618
43639
43660
43681
43702
43723
43744
43765
43786
43807
43828
43849
43870
43891
43912
43933
43954
43975
43996
44017
44038
44059
44080
44101
44122
44143
44164
44185
44206
44227
44248
44269
44290
44311
44332
44353
44374
44395
44416
44437
44458
44479
44500
44521
44542
44563
44584
44605
44626
44647
44668
44689
44710
44731
44752
44773
44794
44815
44836
44857
44878
44899
44920
44941
44962
44983
45004
45025
45046
45067
45088
45109
45130
45151
45172
45193
45214
45235
45256
45277
45298
45319
45340
45361
45382
45403
45424
45445
45466
45487
45508
45529
45550
45571
45592
45613
45634
45655
45676
45697
45718
45739
45760
45781
45802
45823
45844
45865
45886
45907
45928
45949
45970
45991
46012
46033
46054
46075
46096
46117
46138
46159
46180
46201
46222
46243
46264
46285
46306
46327
46348
46369
46390
46411
46432
46453
46474
46495
46516
46537
46558
46579
46600
46621
46642
46663
46684
46705
46726
46747
46768
46789
46810
46831
46852
46873
46894
46915
46936
46957
46978
46999
47020
47041
47062
47083
47104
47125
47146
47167
47188
47209
47230
47251
47272
47293
47314
47335
47356
47377
47398
47419
47440
47461
47482
47503
47524
47545
47566
47587
47608
47629
47650
47671
47692
47713
47734
47755
47776
47797
47818
47839
47860
47881
47902
47923
47944
47965
47986
48007
48028
48049
48070
48091
48112
48133
48154
48175
48196
48217
48238
48259
48280
48301
48322
48343
48364
48385
48406
48427
48448
48469
48490
48511
48532
48553
48574
48595
48616
48637
48658
48679
48700
48721
48742
48763
48784
48805
48826
48847
48868
48889
48910
48931
48952
48973
48994
49015
49036
49057
49078
49099
49120
49141
49162
49183
49204
49225
49246
49267
49288
49309
49330
49351
49372
49393
49414
49435
49456
49477
49498
49519
49540
49561
49582
49603
49624
49645
49666
49687
49708
49729
49750
49771
49792
49813
49834
49855
49876
49897
49918
49939
49960
49981
50002
50023
50044
50065
50086
50107
50128
50149
50170
50191
50212
50233
50254
50275
50296
50317
50338
50359
50380
50401
50422
50443
50464
50485
50506
50527
50548
50569
50590
50611
50632
50653
50674
50695
50716
50737
50758
50779
50800
50821
50842
50863
50884
50905
50926
50947
50968
50989
51010
51031
51052
51073
51094
51115
51136
51157
51178
51199
51220
51241
51262
51283
51304
51325
51346
51367
51388
51409
51430
51451
51472
51493
51514
51535
51556
51577
51598
51619
51640
51661
51682
51703
51724
51745
51766
51787
51808
51829
51850
51871
51892
51913
51934
51955
51976
51997
52018
52039
52060
52081
52102
52123
52144
52165
52186
52207
52228
52249
52270
52291
52312
52333
52354
52375
52396
52417
52438
52459
52480
52501
52522
52543
52564
52585
52606
52627
52648
52669
52690
52711
52732
52753
52774
52795
52816
52837
52858
52879
52900
52921
52942
52963
52984
53005
53026
53047
53068
53089
53110
53131
53152
53173
53194
53215
53236
53257
53278
53299
53320
53341
53362
53383
53404
53425
53446
53467
53488
53509
53530
53551
53572
53593
53614
53635
53656
53677
53698
53719
53740
53761
53782
53803
53824
53845
53866
53887
53908
53929
53950
53971
53992
54013
54034
54055
54076
54097
54118
54139
54160
54181
54202
54223
54244
54265
54286
54307
54328
54349
54370
54391
54412
54433
54454
54475
54496
54517
54538
54559
54580
54601
54622
54643
54664
54685
54706
54727
54748
54769
54790
54811
54832
54853
54874
54895
54916
54937
54958
54979
55000
55021
55042
55063
55084
55105
55126
55147
55168
55189
55210
55231
55252
55273
55294
55315
55336
55357
55378
55399
55420
55441
55462
55483
55504
55525
55546
55567
55588
55609
55630
55651
55672
55693
55714
55735
55756
55777
55798
55819
55840
55861
55882
55903
55924
55945
55966
55987
56008
56029
56050
56071
56092
56113
56134
56155
56176
56197
56218
56239
56260
56281
56302
56323
56344
56365
56386
56407
56428
56449
56470
56491
56512
56533
56554
56575
56596
56617
56638
56659
56680
56701
56722
56743
56764
56785
56806
56827
56848
56869
56890
56911
56932
56953
56974
56995
57016
57037
57058
57079
57100
57121
57142
57163
57184
57205
57226
57247
57268
57289
57310
57331
57352
57373
57394
57415
57436
57457
57478
57499
57520
57541
57562
57583
57604
57625
57646
57667
57688
57709
57730
57751
57772
57793
57814
57835
57856
57877
57898
57919
57940
57961
57982
58003
58024
58045
58066
58087
58108
58129
58150
58171
58192
58213
58234
58255
58276
58297
58318
58339
58360
58381
58402
58423
58444
58465
58486
58507
58528
58549
58570
58591
58612
58633
58654
58675
58696
58717
58738
58759
58780
58801
58822
58843
58864
58885
58906
58927
58948
58969
58990
59011
59032
59053
59074
59095
59116
59137
59158
59179
59200
59221
59242
59263
59284
59305
59326
59347
59368
59389
59410
59431
59452
59473
59494
59515
59536
59557
59578
59599
59620
59641
59662
59683
59704
59725
59746
59767
59788
59809
59830
59851
59872
59893
59914
59935
59956
59977
59998
60019
60040
60061
60082
60103
60124
60145
60166
60187
60208
60229
60250
60271
60292
60313
60334
60355
60376
60397
60418
60439
60460
60481
60502
60523
60544
60565
60586
60607
60628
60649
60670
60691
60712
60733
60754
60775
60796
60817
60838
60859
60880
60901
60922
60943
60964
60985
61006
61027
61048
61069
61090
61111
61132
61153
61174
61195
61216
61237
61258
61279
61300
61321
61342
61363
61384
61405
61426
61447
61468
61489
61510
61531
61552
61573
61594
61615
61636
61657
61678
61699
61720
61741
61762
61783
61804
61825
61846
61867
61888
61909
61930
61951
61972
61993
62014
62035
62056
62077
62098
62119
62140
62161
62182
62203
62224
62245
62266
62287
62308
62329
62350
62371
62392
62413
62434
62455
62476
62497
62518
62539
62560
62581
62602
62623
62644
62665
62686
62707
62728
62749
62770
62791
62812
62833
62854
62875
62896
62917
62938
62959
62980
63001
63022
63043
63064
63085
63106
63127
63148
63169
63190
63211
63232
63253
63274
63295
63316
63337
63358
63379
63400
63421
63442
63463
63484
63505
63526
63547
63568
63589
63610
63631
63652
63673
63694
63715
63736
63757
63778
63799
63820
63841
63862
63883
63904
63925
63946
63967
63988
64009
64030
64051
64072
64093
64114
64135
64156
64177
64198
64219
64240
64261
64282
64303
64324
64345
64366
64387
64408
64429
64450
64471
64492
64513
64534
64555
64576
64597
64618
64639
64660
64681
64702
64723
64744
64765
64786
64807
64828
64849
64870
64891
64912
64933
64954
64975
64996
65017
65038
65059
65080
65101
65122
65143
65164
65185
65206
65227
65248
65269
65290
65311
65332
65353
65374
65395
65416
65437
65458
65479
65500
65521
65542
65563
65584
65605
65626
65647
65668
65689
65710
65731
65752
65773
65794
65815
65836
65857
65878
65899
65920
65941
65962
65983
66004
66025
66046
66067
66088
66109
66130
66151
66172
66193
66214
66235
66256
66277
66298
66319
66340
66361
66382
66403
66424
66445
66466
66487
66508
66529
66550
66571
66592
66613
66634
66655
66676
66697
66718
66739
66760
66781
66802
66823
66844
66865
66886
66907
66928
66949
66970
66991
67012
67033
67054
67075
67096
67117
67138
67159
67180
67201
67222
67243
67264
67285
67306
67327
67348
67369
67390
67411
67432
67453
67474
67495
67516
67537
67558
67579
67600
67621
67642
67663
67684
67705
67726
67747
67768
67789
67810
67831
67852
67873
67894
67915
67936
67957
67978
67999
68020
68041
68062
68083
68104
68125
68146
68167
68188
68209
68230
68251
68272
68293
68314
68335
68356
68377
68398
68419
68440
68461
68482
68503
68524
68545
68566
68587
68608
68629
68650
68671
68692
68713
68734
68755
68776
68797
68818
68839
68860
68881
68902
68923
68944
68965
68986
69007
69028
69049
69070
69091
69112
69133
69154
69175
69196
69217
69238
69259
69280
69301
69322
69343
69364
69385
69406
69427
69448
69469
69490
69511
69532
69553
69574
69595
69616
69637
69658
69679
69700
69721
69742
69763
69784
69805
69826
69847
69868
69889
69910
69931
69952
69973
69994
70015
70036
70057
70078
70099
70120
70141
70162
70183
70204
70225
70246
70267
70288
70309
70330
70351
70372
70393
70414
70435
70456
70477
70498
70519
70540
70561
70582
70603
70624
70645
70666
70687
70708
70729
70750
70771
70792
70813
70834
70855
70876
70897
70918
70939
70960
70981
71002
71023
71044
71065
71086
71107
71128
71149
71170
71191
71212
71233
71254
71275
71296
71317
71338
71359
71380
71401
71422
71443
71464
71485
71506
71527
71548
71569
71590
71611
71632
71653
71674
71695
71716
71737
71758
71779
71800
71821
71842
71863
71884
71905
71926
71947
71968
71989
72010
72031
72052
72073
72094
72115
72136
72157
72178
72199
72220
72241
72262
72283
72304
72325
72346
72367
72388
72409
72430
72451
72472
72493
72514
72535
72556
72577
72598
72619
72640
72661
72682
72703
72724
72745
72766
72787
72808
72829
72850
72871
72892
72913
72934
72955
72976
72997
73018
73039
73060
73081
73102
73123
73144
73165
73186
73207
73228
73249
73270
73291
73312
73333
73354
73375
73396
73417
73438
73459
73480
73501
73522
73543
73564
73585
73606
73627
73648
73669
73690
73711
73732
73753
73774
73795
73816
73837
73858
73879
73900
73921
73942
73963
73984
74005
74026
74047
74068
74089
74110
74131
74152
74173
74194
74215
74236
74257
74278
74299
74320
74341
74362
74383
74404
74425
74446
74467
74488
74509
74530
74551
74572
74593
74614
74635
74656
74677
74698
74719
74740
74761
74782
74803
74824
74845
74866
74887
74908
74929
74950
74971
74992
75013
75034
75055
75076
75097
75118
75139
75160
75181
75202
75223
75244
75265
75286
75307
75328
75349
75370
75391
75412
75433
75454
75475
75496
75517
75538
75559
75580
75601
75622
75643
75664
75685
75706
75727
75748
75769
75790
75811
75832
75853
75874
75895
75916
75937
75958
75979
76000
76021
76042
76063
76084
76105
76126
76147
76168
76189
76210
76231
76252
76273
76294
76315
76336
76357
76378
76399
76420
76441
76462
76483
76504
76525
76546
76567
76588
76609
76630
76651
76672
76693
76714
76735
76756
76777
76798
76819
76840
76861
76882
76903
76924
76945
76966
76987
77008
77029
77050
77071
77092
77113
77134
77155
77176
77197
77218
77239
77260
77281
77302
77323
77344
77365
77386
77407
77428
77449
77470
77491
77512
77533
77554
77575
77596
77617
77638
77659
77680
77701
77722
77743
77764
77785
77806
77827
77848
77869
77890
77911
77932
77953
77974
77995
78016
78037
78058
78079
78100
78121
78142
78163
78184
78205
78226
78247
78268
78289
78310
78331
78352
78373
78394
78415
78436
78457
78478
78499
78520
78541
78562
78583
78604
78625
78646
78667
78688
78709
78730
78751
78772
78793
78814
78835
78856
78877
78898
78919
78940
78961
78982
79003
79024
79045
79066
79087
79108
79129
79150
79171
79192
79213
79234
79255
79276
79297
79318
79339
79360
79381
79402
79423
79444
79465
79486
79507
79528
79549
79570
79591
79612
79633
79654
79675
79696
79717
79738
79759
79780
79801
79822
79843
79864
79885
79906
79927
79948
79969
79990
80011
80032
80053
80074
80095
80116
80137
80158
80179
80200
80221
80242
80263
80284
80305
80326
80347
80368
80389
80410
80431
80452
80473
80494
80515
80536
80557
80578
80599
80620
80641
80662
80683
80704
80725
80746
80767
80788
80809
80830
80851
80872
80893
80914
80935
80956
80977
80998
81019
81040
81061
81082
81103
81124
81145
81166
81187
81208
81229
81250
81271
81292
81313
81334
81355
81376
81397
81418
81439
81460
81481
81502
81523
81544
81565
81586
81607
81628
81649
81670
81691
81712
81733
81754
81775
81796
81817
81838
81859
81880
81901
81922
81943
81964
81985
82006
82027
82048
82069
82090
82111
82132
82153
82174
82195
82216
82237
82258
82279
82300
82321
82342
82363
82384
82405
82426
82447
82468
82489
82510
82531
82552
82573
82594
82615
82636
82657
82678
82699
82720
82741
82762
82783
82804
82825
82846
82867
82888
82909
82930
82951
82972
82993
83014
83035
83056
83077
83098
83119
83140
83161
83182
83203
83224
83245
83266
83287
83308
83329
83350
83371
83392
83413
83434
83455
83476
83497
83518
83539
83560
83581
83602
83623
83644
83665
83686
83707
83728
83749
83770
83791
83812
83833
83854
83875
83896
83917
83938
83959
83980
84001
84022
84043
84064
84085
84106
84127
84148
84169
84190
84211
84232
84253
84274
84295
84316
84337
84358
84379
84400
84421
84442
84463
84484
84505
84526
84547
84568
84589
84610
84631
84652
84673
84694
84715
84736
84757
84778
84799
84820
84841
84862
84883
84904
84925
84946
84967
84988
85009
85030
85051
85072
85093
85114
85135
85156
85177
85198
85219
85240
85261
85282
85303
85324
85345
85366
85387
85408
85429
85450
85471
85492
85513
85534
85555
85576
85597
85618
85639
85660
85681
85702
85723
85744
85765
85786
85807
85828
85849
85870
85891
85912
85933
85954
85975
85996
86017
86038
86059
86080
86101
86122
86143
86164
86185
86206
86227
86248
86269
86290
86311
86332
86353
86374
86395
86416
86437
86458
86479
86500
86521
86542
86563
86584
86605
86626
86647
86668
86689
86710
86731
86752
86773
86794
86815
86836
86857
86878
86899
86920
86941
86962
86983
87004
87025
87046
87067
87088
87109
87130
87151
87172
87193
87214
87235
87256
87277
87298
87319
87340
87361
87382
87403
87424
87445
87466
87487
87508
87529
87550
87571
87592
87613
87634
87655
87676
87697
87718
87739
87760
87781
87802
87823
87844
87865
87886
87907
87928
87949
87970
87991
88012
88033
88054
88075
88096
88117
88138
88159
88180
88201
88222
88243
88264
88285
88306
88327
88348
88369
88390
88411
88432
88453
88474
88495
88516
88537
88558
88579
88600
88621
88642
88663
88684
88705
88726
88747
88768
88789
88810
88831
88852
88873
88894
88915
88936
88957
88978
88999
89020
89041
89062
89083
89104
89125
89146
89167
89188
89209
89230
89251
89272
89293
89314
89335
89356
89377
89398
89419
89440
89461
89482
89503
89524
89545
89566
89587
89608
89629
89650
89671
89692
89713
89734
89755
89776
89797
89818
89839
89860
89881
89902
89923
89944
89965
89986
90007
90028
90049
90070
90091
90112
90133
90154
90175
90196
90217
90238
90259
90280
90301
90322
90343
90364
90385
90406
90427
90448
90469
90490
90511
90532
90553
90574
90595
90616
90637
90658
90679
90700
90721
90742
90763
90784
90805
90826
90847
90868
90889
90910
90931
90952
90973
90994
91015
91036
91057
91078
91099
91120
91141
91162
91183
91204
91225
91246
91267
91288
91309
91330
91351
91372
91393
91414
91435
91456
91477
91498
91519
91540
91561
91582
91603
91624
91645
91666
91687
91708
91729
91750
91771
91792
91813
91834
91855
91876
91897
91918
91939
91960
91981
92002
92023
92044
92065
92086
92107
92128
92149
92170
92191
92212
92233
92254
92275
92296
92317
92338
92359
92380
92401
92422
92443
92464
92485
92506
92527
92548
92569
92590
92611
92632
92653
92674
92695
92716
92737
92758
92779
92800
92821
92842
92863
92884
92905
92926
92947
92968
92989
93010
93031
93052
93073
93094
93115
93136
93157
93178
93199
93220
93241
93262
93283
93304
93325
93346
93367
93388
93409
93430
93451
93472
93493
93514
93535
93556
93577
93598
93619
93640
93661
93682
93703
93724
93745
93766
93787
93808
93829
93850
93871
93892
93913
93934
93955
93976
93997
94018
94039
94060
94081
94102
94123
94144
94165
94186
94207
94228
94249
94270
94291
94312
94333
94354
94375
94396
94417
94438
94459
94480
94501
94522
94543
94564
94585
94606
94627
94648
94669
94690
94711
94732
94753
94774
94795
94816
94837
94858
94879
94900
94921
94942
94963
94984
95005
95026
95047
95068
95089
95110
95131
95152
95173
95194
95215
95236
95257
95278
95299
95320
95341
95362
95383
95404
95425
95446
95467
95488
95509
95530
95551
95572
95593
95614
95635
95656
95677
95698
95719
95740
95761
95782
95803
95824
95845
95866
95887
95908
95929
95950
95971
95992
96013
96034
96055
96076
96097
96118
96139
96160
96181
96202
96223
96244
96265
96286
96307
96328
96349
96370
96391
96412
96433
96454
96475
96496
96517
96538
96559
96580
96601
96622
96643
96664
96685
96706
96727
96748
96769
96790
96811
96832
96853
96874
96895
96916
96937
96958
96979
97000
97021
97042
97063
97084
97105
97126
97147
97168
97189
97210
97231
97252
97273
97294
97315
97336
97357
97378
97399
97420
97441
97462
97483
97504
97525
97546
97567
97588
97609
97630
97651
97672
97693
97714
97735
97756
97777
97798
97819
97840
97861
97882
97903
97924
97945
97966
97987
98008
98029
98050
98071
98092
98113
98134
98155
98176
98197
98218
98239
98260
98281
98302
98323
98344
98365
98386
98407
98428
98449
98470
98491
98512
98533
98554
98575
98596
98617
98638
98659
98680
98701
98722
98743
98764
98785
98806
98827
98848
98869
98890
98911
98932
98953
98974
98995
99016
99037
99058
99079
99100
99121
99142
99163
99184
99205
99226
99247
99268
99289
99310
99331
99352
99373
99394
99415
99436
99457
99478
99499
99520
99541
99562
99583
99604
99625
99646
99667
99688
99709
99730
99751
99772
99793
99814
99835
99856
99877
99898
99919
99940
99961
99982
100003
100024
100045
100066
100087
100108
100129
100150
100171
100192
100213
100234
100255
100276
100297
100318
100339
100360
100381
100402
100423
100444
100465
100486
100507
100528
100549
100570
100591
100612
100633
100654
100675
100696
100717
100738
100759
100780
100801
100822
100843
100864
100885
100906
100927
100948
100969
100990
101011
101032
101053
101074
101095
101116
101137
101158
101179
101200
101221
101242
101263
101284
101305
101326
101347
101368
101389
101410
101431
101452
101473
101494
101515
101536
101557
101578
101599
101620
101641
101662
101683
101704
101725
101746
101767
101788
101809
101830
101851
101872
101893
101914
101935
101956
101977
101998
102019
102040
102061
102082
102103
102124
102145
102166
102187
102208
102229
102250
102271
102292
102313
102334
102355
102376
102397
102418
102439
102460
102481
102502
102523
102544
102565
102586
102607
102628
102649
102670
102691
102712
102733
102754
102775
102796
102817
102838
102859
102880
102901
102922
102943
102964
102985
103006
103027
103048
103069
103090
103111
103132
103153
103174
103195
103216
103237
103258
103279
103300
103321
103342
103363
103384
103405
103426
103447
103468
103489
103510
103531
103552
103573
103594
103615
103636
103657
103678
103699
103720
103741
103762
103783
103804
103825
103846
103867
103888
103909
103930
103951
103972
103993
104014
104035
104056
104077
104098
104119
104140
104161
104182
104203
104224
104245
104266
104287
104308
104329
104350
104371
104392
104413
104434
104455
104476
104497
104518
104539
104560
104581
104602
104623
104644
104665
104686
104707
104728
104749
104770
104791
104812
104833
104854
104875
104896
104917
104938
104959
104980
105001
105022
105043
105064
105085
105106
105127
105148
105169
105190
105211
105232
105253
105274
105295
105316
105337
105358
105379
105400
105421
105442
105463
105484
105505
105526
105547
105568
105589
105610
105631
105652
105673
105694
105715
105736
105757
105778
105799
105820
105841
105862
105883
105904
105925
105946
105967
105988
106009
106030
106051
106072
106093
106114
106135
106156
106177
106198
106219
106240
106261
106282
106303
106324
106345
106366
106387
106408
106429
106450
106471
106492
106513
106534
106555
106576
106597
106618
106639
106660
106681
106702
106723
106744
106765
106786
106807
106828
106849
106870
106891
106912
106933
106954
106975
106996
107017
107038
107059
107080
107101
107122
107143
107164
107185
107206
107227
107248
107269
107290
107311
107332
107353
107374
107395
107416
107437
107458
107479
107500
107521
107542
107563
107584
107605
107626
107647
107668
107689
107710
107731
107752
107773
107794
107815
107836
107857
107878
107899
107920
107941
107962
107983
108004
108025
108046
108067
108088
108109
108130
108151
108172
108193
108214
108235
108256
108277
108298
108319
108340
108361
108382
108403
108424
108445
108466
108487
108508
108529
108550
108571
108592
108613
108634
108655
108676
108697
108718
108739
108760
108781
108802
108823
108844
108865
108886
108907
108928
108949
108970
108991
109012
109033
109054
109075
109096
109117
109138
109159
109180
109201
109222
109243
109264
109285
109306
109327
109348
109369
109390
109411
109432
109453
109474
109495
109516
109537
109558
109579
109600
109621
109642
109663
109684
109705
109726
109747
109768
109789
109810
109831
109852
109873
109894
109915
109936
109957
109978
109999
110020
110041
110062
110083
110104
110125
110146
110167
110188
110209
110230
110251
110272
110293
110314
110335
110356
110377
110398
110419
110440
110461
110482
110503
110524
110545
110566
110587
110608
110629
110650
110671
110692
110713
110734
110755
110776
110797
110818
110839
110860
110881
110902
110923
110944
110965
110986
111007
111028
111049
111070
111091
111112
111133
111154
111175
111196
111217
111238
111259
111280
111301
111322
111343
111364
111385
111406
111427
111448
111469
111490
111511
111532
111553
111574
111595
111616
111637
111658
111679
111700
111721
111742
111763
111784
111805
111826
111847
111868
111889
111910
111931
111952
111973
111994
112015
112036
112057
112078
112099
112120
112141
112162
112183
112204
112225
112246
112267
112288
112309
112330
112351
112372
112393
112414
112435
112456
112477
112498
112519
112540
112561
112582
112603
112624
112645
112666
112687
112708
112729
112750
112771
112792
112813
112834
112855
112876
112897
112918
112939
112960
112981
113002
113023
113044
113065
113086
113107
113128
113149
113170
113191
113212
113233
113254
113275
113296
113317
113338
113359
113380
113401
113422
113443
113464
113485
113506
113527
113548
113569
113590
113611
113632
113653
113674
113695
113716
113737
113758
113779
113800
113821
113842
113863
113884
113905
113926
113947
113968
113989
114010
114031
114052
114073
114094
114115
114136
114157
114178
114199
114220
114241
114262
114283
114304
114325
114346
114367
114388
114409
114430
114451
114472
114493
114514
114535
114556
114577
114598
114619
114640
114661
114682
114703
114724
114745
114766
114787
114808
114829
114850
114871
114892
114913
114934
114955
114976
114997
115018
115039
115060
115081
115102
115123
115144
115165
115186
115207
115228
115249
115270
115291
115312
115333
115354
115375
115396
115417
115438
115459
115480
115501
115522
115543
115564
115585
115606
115627
115648
115669
115690
115711
115732
115753
115774
115795
115816
115837
115858
115879
115900
115921
115942
115963
115984
116005
116026
116047
116068
116089
116110
116131
116152
116173
116194
116215
116236
116257
116278
116299
116320
116341
116362
116383
116404
116425
116446
116467
116488
116509
116530
116551
116572
116593
116614
116635
116656
116677
116698
116719
116740
116761
116782
116803
116824
116845
116866
116887
116908
116929
116950
116971
116992
117013
117034
117055
117076
117097
117118
117139
117160
117181
117202
117223
117244
117265
117286
117307
117328
117349
117370
117391
117412
117433
117454
117475
117496
117517
117538
117559
117580
117601
117622
117643
117664
117685
117706
117727
117748
117769
117790
117811
117832
117853
117874
117895
117916
117937
117958
117979
118000
118021
118042
118063
118084
118105
118126
118147
118168
118189
118210
118231
118252
118273
118294
118315
118336
118357
118378
118399
118420
118441
118462
118483
118504
118525
118546
118567
118588
118609
118630
118651
118672
118693
118714
118735
118756
118777
118798
118819
118840
118861
118882
118903
118924
118945
118966
118987
119008
119029
119050
119071
119092
119113
119134
119155
119176
119197
119218
119239
119260
119281
119302
119323
119344
119365
119386
119407
119428
119449
119470
119491
119512
119533
119554
119575
119596
119617
119638
119659
119680
119701
119722
119743
119764
119785
119806
119827
119848
119869
119890
119911
119932
119953
119974
119995
120016
120037
120058
120079
120100
120121
120142
120163
120184
120205
120226
120247
120268
120289
120310
120331
120352
120373
120394
120415
120436
120457
120478
120499
120520
120541
120562
120583
120604
120625
120646
120667
120688
120709
120730
120751
120772
120793
120814
120835
120856
120877
120898
120919
120940
120961
120982
121003
121024
121045
121066
121087
121108
121129
121150
121171
121192
121213
121234
121255
121276
121297
121318
121339
121360
121381
121402
121423
121444
121465
121486
121507
121528
121549
121570
121591
121612
121633
121654
121675
121696
121717
121738
121759
121780
121801
121822
121843
121864
121885
121906
121927
121948
121969
121990
122011
122032
122053
122074
122095
122116
122137
122158
122179
122200
122221
122242
122263
122284
122305
122326
122347
122368
122389
122410
122431
122452
122473
122494
122515
122536
122557
122578
122599
122620
122641
122662
122683
122704
122725
122746
122767
122788
122809
122830
122851
122872
122893
122914
122935
122956
122977
122998
123019
123040
123061
123082
123103
123124
123145
123166
123187
123208
123229
123250
123271
123292
123313
123334
123355
123376
123397
123418
123439
123460
123481
123502
123523
123544
123565
123586
123607
123628
123649
123670
123691
123712
123733
123754
123775
123796
123817
123838
123859
123880
123901
123922
123943
123964
123985
124006
124027
124048
124069
124090
124111
124132
124153
124174
124195
124216
124237
124258
124279
124300
124321
124342
124363
124384
124405
124426
124447
124468
124489
124510
124531
124552
124573
124594
124615
124636
124657
124678
124699
124720
124741
124762
124783
124804
124825
124846
124867
124888
124909
124930
124951
124972
124993
125014
125035
125056
125077
125098
125119
125140
125161
125182
125203
125224
125245
125266
125287
125308
125329
125350
125371
125392
125413
125434
125455
125476
125497
125518
125539
125560
125581
125602
125623
125644
125665
125686
125707
125728
125749
125770
125791
125812
125833
125854
125875
125896
125917
125938
125959
125980
126001
126022
126043
126064
126085
126106
126127
126148
126169
126190
126211
126232
126253
126274
126295
126316
126337
126358
126379
126400
126421
126442
126463
126484
126505
126526
126547
126568
126589
126610
126631
126652
126673
126694
126715
126736
126757
126778
126799
126820
126841
126862
126883
126904
126925
126946
126967
126988
127009
127030
127051
127072
127093
127114
127135
127156
127177
127198
127219
127240
127261
127282
127303
127324
127345
127366
127387
127408
127429
127450
127471
127492
127513
127534
127555
127576
127597
127618
127639
127660
127681
127702
127723
127744
127765
127786
127807
127828
127849
127870
127891
127912
127933
127954
127975
127996
128017
128038
128059
128080
128101
128122
128143
128164
128185
128206
128227
128248
128269
128290
128311
128332
128353
128374
128395
128416
128437
128458
128479
128500
128521
128542
128563
128584
128605
128626
128647
128668
128689
128710
128731
128752
128773
128794
128815
128836
128857
128878
128899
128920
128941
128962
128983
129004
129025
129046
129067
129088
129109
129130
129151
129172
129193
129214
129235
129256
129277
129298
129319
129340
129361
129382
129403
129424
129445
129466
129487
129508
129529
129550
129571
129592
129613
129634
129655
129676
129697
129718
129739
129760
129781
129802
129823
129844
129865
129886
129907
129928
129949
129970
129991
130012
130033
130054
130075
130096
130117
130138
130159
130180
130201
130222
130243
130264
130285
130306
130327
130348
130369
130390
130411
130432
130453
130474
130495
130516
130537
130558
130579
130600
130621
130642
130663
130684
130705
130726
130747
130768
130789
130810
130831
130852
130873
130894
130915
130936
130957
130978
130999
131020
131041
131062
131083
131104
131125
131146
131167
131188
131209
131230
131251
131272
131293
131314
131335
131356
131377
131398
131419
131440
131461
131482
131503
131524
131545
131566
131587
131608
131629
131650
131671
131692
131713
131734
131755
131776
131797
131818
131839
131860
131881
131902
131923
131944
131965
131986
132007
132028
132049
132070
132091
132112
132133
132154
132175
132196
132217
132238
132259
132280
132301
132322
132343
132364
132385
132406
132427
132448
132469
132490
132511
132532
132553
132574
132595
132616
132637
132658
132679
132700
132721
132742
132763
132784
132805
132826
132847
132868
132889
132910
132931
132952
132973
132994
133015
133036
133057
133078
133099
133120
133141
133162
133183
133204
133225
133246
133267
133288
133309
133330
133351
133372
133393
133414
133435
133456
133477
133498
133519
133540
133561
133582
133603
133624
133645
133666
133687
133708
133729
133750
133771
133792
133813
133834
133855
133876
133897
133918
133939
133960
133981
134002
134023
134044
134065
134086
134107
134128
134149
134170
134191
134212
134233
134254
134275
134296
134317
134338
134359
134380
134401
134422
134443
134464
134485
134506
134527
134548
134569
134590
134611
134632
134653
134674
134695
134716
134737
134758
134779
134800
134821
134842
134863
134884
134905
134926
134947
134968
134989
135010
135031
135052
135073
135094
135115
135136
135157
135178
135199
135220
135241
135262
135283
135304
135325
135346
135367
135388
135409
135430
135451
135472
135493
135514
135535
135556
135577
135598
135619
135640
135661
135682
135703
135724
135745
135766
135787
135808
135829
135850
135871
135892
135913
135934
135955
135976
135997
136018
136039
136060
136081
136102
136123
136144
136165
136186
136207
136228
136249
136270
136291
136312
136333
136354
136375
136396
136417
136438
136459
136480
136501
136522
136543
136564
136585
136606
136627
136648
136669
136690
136711
136732
136753
136774
136795
136816
136837
136858
136879
136900
136921
136942
136963
136984
137005
137026
137047
137068
137089
137110
137131
137152
137173
137194
137215
137236
137257
137278
137299
137320
137341
137362
137383
137404
137425
137446
137467
137488
137509
137530
137551
137572
137593
137614
137635
137656
137677
137698
137719
137740
137761
137782
137803
137824
137845
137866
137887
137908
137929
137950
137971
137992
138013
138034
138055
138076
138097
138118
138139
138160
138181
138202
138223
138244
138265
138286
138307
138328
138349
138370
138391
138412
138433
138454
138475
138496
138517
138538
138559
138580
138601
138622
138643
138664
138685
138706
138727
138748
138769
138790
138811
138832
138853
138874
138895
138916
138937
138958
138979
139000
139021
139042
139063
139084
139105
139126
139147
139168
139189
139210
139231
139252
139273
139294
139315
139336
139357
139378
139399
139420
139441
139462
139483
139504
139525
139546
139567
139588
139609
139630
139651
139672
139693
139714
139735
139756
139777
139798
139819
139840
139861
139882
139903
139924
139945
139966
139987
140008
140029
140050
140071
140092
140113
140134
140155
140176
140197
140218
140239
140260
140281
140302
140323
140344
140365
140386
140407
140428
140449
140470
140491
140512
140533
140554
140575
140596
140617
140638
140659
140680
140701
140722
140743
140764
140785
140806
140827
140848
140869
140890
140911
140932
140953
140974
140995
141016
141037
141058
141079
141100
141121
141142
141163
141184
141205
141226
141247
141268
141289
141310
141331
141352
141373
141394
141415
141436
141457
141478
141499
141520
141541
141562
141583
141604
141625
141646
141667
141688
141709
141730
141751
141772
141793
141814
141835
141856
141877
141898
141919
141940
141961
141982
142003
142024
142045
142066
142087
142108
142129
142150
142171
142192
142213
142234
142255
142276
142297
142318
142339
142360
142381
142402
142423
142444
142465
142486
142507
142528
142549
142570
142591
142612
142633
142654
142675
142696
142717
142738
142759
142780
142801
142822
142843
142864
142885
142906
142927
142948
142969
142990
143011
143032
143053
143074
143095
143116
143137
143158
143179
143200
143221
143242
143263
143284
143305
143326
143347
143368
143389
143410
143431
143452
143473
143494
143515
143536
143557
143578
143599
143620
143641
143662
143683
143704
143725
143746
143767
143788
143809
143830
143851
143872
143893
143914
143935
143956
143977
143998
144019
144040
144061
144082
144103
144124
144145
144166
144187
144208
144229
144250
144271
144292
144313
144334
144355
144376
144397
144418
144439
144460
144481
144502
144523
144544
144565
144586
144607
144628
144649
144670
144691
144712
144733
144754
144775
144796
144817
144838
144859
144880
144901
144922
144943
144964
144985
145006
145027
145048
145069
145090
145111
145132
145153
145174
145195
145216
145237
145258
145279
145300
145321
145342
145363
145384
145405
145426
145447
145468
145489
145510
145531
145552
145573
145594
145615
145636
145657
145678
145699
145720
145741
145762
145783
145804
145825
145846
145867
145888
145909
145930
145951
145972
145993
146014
146035
146056
146077
146098
146119
146140
146161
146182
146203
146224
146245
146266
146287
146308
146329
146350
146371
146392
146413
146434
146455
146476
146497
146518
146539
146560
146581
146602
146623
146644
146665
146686
146707
146728
146749
146770
146791
146812
146833
146854
146875
146896
146917
146938
146959
146980
147001
147022
147043
147064
147085
147106
147127
147148
147169
147190
147211
147232
147253
147274
147295
147316
147337
147358
147379
147400
147421
147442
147463
147484
147505
147526
147547
147568
147589
147610
147631
147652
147673
147694
147715
147736
147757
147778
147799
147820
147841
147862
147883
147904
147925
147946
147967
147988
148009
148030
148051
148072
148093
148114
148135
148156
148177
148198
148219
148240
148261
148282
148303
148324
148345
148366
148387
148408
148429
148450
148471
148492
148513
148534
148555
148576
148597
148618
148639
148660
148681
148702
148723
148744
148765
148786
148807
148828
148849
148870
148891
148912
148933
148954
148975
148996
149017
149038
149059
149080
149101
149122
149143
149164
149185
149206
149227
149248
149269
149290
149311
149332
149353
149374
149395
149416
149437
149458
149479
149500
149521
149542
149563
149584
149605
149626
149647
149668
149689
149710
149731
149752
149773
149794
149815
149836
149857
149878
149899
149920
149941
149962
149983
150004
150025
150046
150067
150088
150109
150130
150151
150172
150193
150214
150235
150256
150277
150298
150319
150340
150361
150382
150403
150424
150445
150466
150487
150508
150529
150550
150571
150592
150613
150634
150655
150676
150697
150718
150739
150760
150781
150802
150823
150844
150865
150886
150907
150928
150949
150970
150991
151012
151033
151054
151075
151096
151117
151138
151159
151180
151201
151222
151243
151264
151285
151306
151327
151348
151369
151390
151411
151432
151453
151474
151495
151516
151537
151558
151579
151600
151621
151642
151663
151684
151705
151726
151747
151768
151789
151810
151831
151852
151873
151894
151915
151936
151957
151978
151999
152020
152041
152062
152083
152104
152125
152146
152167
152188
152209
152230
152251
152272
152293
152314
152335
152356
152377
152398
152419
152440
152461
152482
152503
152524
152545
152566
152587
152608
152629
152650
152671
152692
152713
152734
152755
152776
152797
152818
152839
152860
152881
152902
152923
152944
152965
152986
153007
153028
153049
153070
153091
153112
153133
153154
153175
153196
153217
153238
153259
153280
153301
153322
153343
153364
153385
153406
153427
153448
153469
153490
153511
153532
153553
153574
153595
153616
153637
153658
153679
153700
153721
153742
153763
153784
153805
153826
153847
153868
153889
153910
153931
153952
153973
153994
154015
154036
154057
154078
154099
154120
154141
154162
154183
154204
154225
154246
154267
154288
154309
154330
154351
154372
154393
154414
154435
154456
154477
154498
154519
154540
154561
154582
154603
154624
154645
154666
154687
154708
154729
154750
154771
154792
154813
154834
154855
154876
154897
154918
154939
154960
154981
155002
155023
155044
155065
155086
155107
155128
155149
155170
155191
155212
155233
155254
155275
155296
155317
155338
155359
155380
155401
155422
155443
155464
155485
155506
155527
155548
155569
155590
155611
155632
155653
155674
155695
155716
155737
155758
155779
155800
155821
155842
155863
155884
155905
155926
155947
155968
155989
156010
156031
156052
156073
156094
156115
156136
156157
156178
156199
156220
156241
156262
156283
156304
156325
156346
156367
156388
156409
156430
156451
156472
156493
156514
156535
156556
156577
156598
156619
156640
156661
156682
156703
156724
156745
156766
156787
156808
156829
156850
156871
156892
156913
156934
156955
156976
156997
157018
157039
157060
157081
157102
157123
157144
157165
157186
157207
157228
157249
157270
157291
157312
157333
157354
157375
157396
157417
157438
157459
157480
157501
157522
157543
157564
157585
157606
157627
157648
157669
157690
157711
157732
157753
157774
157795
157816
157837
157858
157879
157900
157921
157942
157963
157984
158005
158026
158047
158068
158089
158110
158131
158152
158173
158194
158215
158236
158257
158278
158299
158320
158341
158362
158383
158404
158425
158446
158467
158488
158509
158530
158551
158572
158593
158614
158635
158656
158677
158698
158719
158740
158761
158782
158803
158824
158845
158866
158887
158908
158929
158950
158971
158992
159013
159034
159055
159076
159097
159118
159139
159160
159181
159202
159223
159244
159265
159286
159307
159328
159349
159370
159391
159412
159433
159454
159475
159496
159517
159538
159559
159580
159601
159622
159643
159664
159685
159706
159727
159748
159769
159790
159811
159832
159853
159874
159895
159916
159937
159958
159979
160000
160021
160042
160063
160084
160105
160126
160147
160168
160189
160210
160231
160252
160273
160294
160315
160336
160357
160378
160399
160420
160441
160462
160483
160504
160525
160546
160567
160588
160609
160630
160651
160672
160693
160714
160735
160756
160777
160798
160819
160840
160861
160882
160903
160924
160945
160966
160987
161008
161029
161050
161071
161092
161113
161134
161155
161176
161197
161218
161239
161260
161281
161302
161323
161344
161365
161386
161407
161428
161449
161470
161491
161512
161533
161554
161575
161596
161617
161638
161659
161680
161701
161722
161743
161764
161785
161806
161827
161848
161869
161890
161911
161932
161953
161974
161995
162016
162037
162058
162079
162100
162121
162142
162163
162184
162205
162226
162247
162268
162289
162310
162331
162352
162373
162394
162415
162436
162457
162478
162499
162520
162541
162562
162583
162604
162625
162646
162667
162688
162709
162730
162751
162772
162793
162814
162835
162856
162877
162898
162919
162940
162961
162982
163003
163024
163045
163066
163087
163108
163129
163150
163171
163192
163213
163234
163255
163276
163297
163318
163339
163360
163381
163402
163423
163444
163465
163486
163507
163528
163549
163570
163591
163612
163633
163654
163675
163696
163717
163738
163759
163780
163801
163822
163843
163864
163885
163906
163927
163948
163969
163990
164011
164032
164053
164074
164095
164116
164137
164158
164179
164200
164221
164242
164263
164284
164305
164326
164347
164368
164389
164410
164431
164452
164473
164494
164515
164536
164557
164578
164599
164620
164641
164662
164683
164704
164725
164746
164767
164788
164809
164830
164851
164872
164893
164914
164935
164956
164977
164998
165019
165040
165061
165082
165103
165124
165145
165166
165187
165208
165229
165250
165271
165292
165313
165334
165355
165376
165397
165418
165439
165460
165481
165502
165523
165544
165565
165586
165607
165628
165649
165670
165691
165712
165733
165754
165775
165796
165817
165838
165859
165880
165901
165922
165943
165964
165985
166006
166027
166048
166069
166090
166111
166132
166153
166174
166195
166216
166237
166258
166279
166300
166321
166342
166363
166384
166405
166426
166447
166468
166489
166510
166531
166552
166573
166594
166615
166636
166657
166678
166699
166720
166741
166762
166783
166804
166825
166846
166867
166888
166909
166930
166951
166972
166993
167014
167035
167056
167077
167098
167119
167140
167161
167182
167203
167224
167245
167266
167287
167308
167329
167350
167371
167392
167413
167434
167455
167476
167497
167518
167539
167560
167581
167602
167623
167644
167665
167686
167707
167728
167749
167770
167791
167812
167833
167854
167875
167896
167917
167938
167959
167980
168001
168022
168043
168064
168085
168106
168127
168148
168169
168190
168211
168232
168253
168274
168295
168316
168337
168358
168379
168400
168421
168442
168463
168484
168505
168526
168547
168568
168589
168610
168631
168652
168673
168694
168715
168736
168757
168778
168799
168820
168841
168862
168883
168904
168925
168946
168967
168988
169009
169030
169051
169072
169093
169114
169135
169156
169177
169198
169219
169240
169261
169282
169303
169324
169345
169366
169387
169408
169429
169450
169471
169492
169513
169534
169555
169576
169597
169618
169639
169660
169681
169702
169723
169744
169765
169786
169807
169828
169849
169870
169891
169912
169933
169954
169975
169996
170017
170038
170059
170080
170101
170122
170143
170164
170185
170206
170227
170248
170269
170290
170311
170332
170353
170374
170395
170416
170437
170458
170479
170500
170521
170542
170563
170584
170605
170626
170647
170668
170689
170710
170731
170752
170773
170794
170815
170836
170857
170878
170899
170920
170941
170962
170983
171004
171025
171046
171067
171088
171109
171130
171151
171172
171193
171214
171235
171256
171277
171298
171319
171340
171361
171382
171403
171424
171445
171466
171487
171508
171529
171550
171571
171592
171613
171634
171655
171676
171697
171718
171739
171760
171781
171802
171823
171844
171865
171886
171907
171928
171949
171970
171991
172012
172033
172054
172075
172096
172117
172138
172159
172180
172201
172222
172243
172264
172285
172306
172327
172348
172369
172390
172411
172432
172453
172474
172495
172516
172537
172558
172579
172600
172621
172642
172663
172684
172705
172726
172747
172768
172789
172810
172831
172852
172873
172894
172915
172936
172957
172978
172999
173020
173041
173062
173083
173104
173125
173146
173167
173188
173209
173230
173251
173272
173293
173314
173335
173356
173377
173398
173419
173440
173461
173482
173503
173524
173545
173566
173587
173608
173629
173650
173671
173692
173713
173734
173755
173776
173797
173818
173839
173860
173881
173902
173923
173944
173965
173986
174007
174028
174049
174070
174091
174112
174133
174154
174175
174196
174217
174238
174259
174280
174301
174322
174343
174364
174385
174406
174427
174448
174469
174490
174511
174532
174553
174574
174595
174616
174637
174658
174679
174700
174721
174742
174763
174784
174805
174826
174847
174868
174889
174910
174931
174952
174973
174994
175015
175036
175057
175078
175099
175120
175141
175162
175183
175204
175225
175246
175267
175288
175309
175330
175351
175372
175393
175414
175435
175456
175477
175498
175519
175540
175561
175582
175603
175624
175645
175666
175687
175708
175729
175750
175771
175792
175813
175834
175855
175876
175897
175918
175939
175960
175981
176002
176023
176044
176065
176086
176107
176128
176149
176170
176191
176212
176233
176254
176275
176296
176317
176338
176359
176380
176401
176422
176443
176464
176485
176506
176527
176548
176569
176590
176611
176632
176653
176674
176695
176716
176737
176758
176779
176800
176821
176842
176863
176884
176905
176926
176947
176968
176989
177010
177031
177052
177073
177094
177115
177136
177157
177178
177199
177220
177241
177262
177283
177304
177325
177346
177367
177388
177409
177430
177451
177472
177493
177514
177535
177556
177577
177598
177619
177640
177661
177682
177703
177724
177745
177766
177787
177808
177829
177850
177871
177892
177913
177934
177955
177976
177997
178018
178039
178060
178081
178102
178123
178144
178165
178186
178207
178228
178249
178270
178291
178312
178333
178354
178375
178396
178417
178438
178459
178480
178501
178522
178543
178564
178585
178606
178627
178648
178669
178690
178711
178732
178753
178774
178795
178816
178837
178858
178879
178900
178921
178942
178963
178984
179005
179026
179047
179068
179089
179110
179131
179152
179173
179194
179215
179236
179257
179278
179299
179320
179341
179362
179383
179404
179425
179446
179467
179488
179509
179530
179551
179572
179593
179614
179635
179656
179677
179698
179719
179740
179761
179782
179803
179824
179845
179866
179887
179908
179929
179950
179971
179992
180013
180034
180055
180076
180097
180118
180139
180160
180181
180202
180223
180244
180265
180286
180307
180328
180349
180370
180391
180412
180433
180454
180475
180496
180517
180538
180559
180580
180601
180622
180643
180664
180685
180706
180727
180748
180769
180790
180811
180832
180853
180874
180895
180916
180937
180958
180979
181000
181021
181042
181063
181084
181105
181126
181147
181168
181189
181210
181231
181252
181273
181294
181315
181336
181357
181378
181399
181420
181441
181462
181483
181504
181525
181546
181567
181588
181609
181630
181651
181672
181693
181714
181735
181756
181777
181798
181819
181840
181861
181882
181903
181924
181945
181966
181987
182008
182029
182050
182071
182092
182113
182134
182155
182176
182197
182218
182239
182260
182281
182302
182323
182344
182365
182386
182407
182428
182449
182470
182491
182512
182533
182554
182575
182596
182617
182638
182659
182680
182701
182722
182743
182764
182785
182806
182827
182848
182869
182890
182911
182932
182953
182974
182995
183016
183037
183058
183079
183100
183121
183142
183163
183184
183205
183226
183247
183268
183289
183310
183331
183352
183373
183394
183415
183436
183457
183478
183499
183520
183541
183562
183583
183604
183625
183646
183667
183688
183709
183730
183751
183772
183793
183814
183835
183856
183877
183898
183919
183940
183961
183982
184003
184024
184045
184066
184087
184108
184129
184150
184171
184192
184213
184234
184255
184276
184297
184318
184339
184360
184381
184402
184423
184444
184465
184486
184507
184528
184549
184570
184591
184612
184633
184654
184675
184696
184717
184738
184759
184780
184801
184822
184843
184864
184885
184906
184927
184948
184969
184990
185011
185032
185053
185074
185095
185116
185137
185158
185179
185200
185221
185242
185263
185284
185305
185326
185347
185368
185389
185410
185431
185452
185473
185494
185515
185536
185557
185578
185599
185620
185641
185662
185683
185704
185725
185746
185767
185788
185809
185830
185851
185872
185893
185914
185935
185956
185977
185998
186019
186040
186061
186082
186103
186124
186145
186166
186187
186208
186229
186250
186271
186292
186313
186334
186355
186376
186397
186418
186439
186460
186481
186502
186523
186544
186565
186586
186607
186628
186649
186670
186691
186712
186733
186754
186775
186796
186817
186838
186859
186880
186901
186922
186943
186964
186985
187006
187027
187048
187069
187090
187111
187132
187153
187174
187195
187216
187237
187258
187279
187300
187321
187342
187363
187384
187405
187426
187447
187468
187489
187510
187531
187552
187573
187594
187615
187636
187657
187678
187699
187720
187741
187762
187783
187804
187825
187846
187867
187888
187909
187930
187951
187972
187993
188014
188035
188056
188077
188098
188119
188140
188161
188182
188203
188224
188245
188266
188287
188308
188329
188350
188371
188392
188413
188434
188455
188476
188497
188518
188539
188560
188581
188602
188623
188644
188665
188686
188707
188728
188749
188770
188791
188812
188833
188854
188875
188896
188917
188938
188959
188980
189001
189022
189043
189064
189085
189106
189127
189148
189169
189190
189211
189232
189253
189274
189295
189316
189337
189358
189379
189400
189421
189442
189463
189484
189505
189526
189547
189568
189589
189610
189631
189652
189673
189694
189715
189736
189757
189778
189799
189820
189841
189862
189883
189904
189925
189946
189967
189988
190009
190030
190051
190072
190093
190114
190135
190156
190177
190198
190219
190240
190261
190282
190303
190324
190345
190366
190387
190408
190429
190450
190471
190492
190513
190534
190555
190576
190597
190618
190639
190660
190681
190702
190723
190744
190765
190786
190807
190828
190849
190870
190891
190912
190933
190954
190975
190996
191017
191038
191059
191080
191101
191122
191143
191164
191185
191206
191227
191248
191269
191290
191311
191332
191353
191374
191395
191416
191437
191458
191479
191500
191521
191542
191563
191584
191605
191626
191647
191668
191689
191710
191731
191752
191773
191794
191815
191836
191857
191878
191899
191920
191941
191962
191983
192004
192025
192046
192067
192088
192109
192130
192151
192172
192193
192214
192235
192256
192277
192298
192319
192340
192361
192382
192403
192424
192445
192466
192487
192508
192529
192550
192571
192592
192613
192634
192655
192676
192697
192718
192739
192760
192781
192802
192823
192844
192865
192886
192907
192928
192949
192970
192991
193012
193033
193054
193075
193096
193117
193138
193159
193180
193201
193222
193243
193264
193285
193306
193327
193348
193369
193390
193411
193432
193453
193474
193495
193516
193537
193558
193579
193600
193621
193642
193663
193684
193705
193726
193747
193768
193789
193810
193831
193852
193873
193894
193915
193936
193957
193978
193999
194020
194041
194062
194083
194104
194125
194146
194167
194188
194209
194230
194251
194272
194293
194314
194335
194356
194377
194398
194419
194440
194461
194482
194503
194524
194545
194566
194587
194608
194629
194650
194671
194692
194713
194734
194755
194776
194797
194818
194839
194860
194881
194902
194923
194944
194965
194986
195007
195028
195049
195070
195091
195112
195133
195154
195175
195196
195217
195238
195259
195280
195301
195322
195343
195364
195385
195406
195427
195448
195469
195490
195511
195532
195553
195574
195595
195616
195637
195658
195679
195700
195721
195742
195763
195784
195805
195826
195847
195868
195889
195910
195931
195952
195973
195994
196015
196036
196057
196078
196099
196120
196141
196162
196183
196204
196225
196246
196267
196288
196309
196330
196351
196372
196393
196414
196435
196456
196477
196498
196519
196540
196561
196582
196603
196624
196645
196666
196687
196708
196729
196750
196771
196792
196813
196834
196855
196876
196897
196918
196939
196960
196981
197002
197023
197044
197065
197086
197107
197128
197149
197170
197191
197212
197233
197254
197275
197296
197317
197338
197359
197380
197401
197422
197443
197464
197485
197506
197527
197548
197569
197590
197611
197632
197653
197674
197695
197716
197737
197758
197779
197800
197821
197842
197863
197884
197905
197926
197947
197968
197989
198010
198031
198052
198073
198094
198115
198136
198157
198178
198199
198220
198241
198262
198283
198304
198325
198346
198367
198388
198409
198430
198451
198472
198493
198514
198535
198556
198577
198598
198619
198640
198661
198682
198703
198724
198745
198766
198787
198808
198829
198850
198871
198892
198913
198934
198955
198976
198997
199018
199039
199060
199081
199102
199123
199144
199165
199186
199207
199228
199249
199270
199291
199312
199333
199354
199375
199396
199417
199438
199459
199480
199501
199522
199543
199564
199585
199606
199627
199648
199669
199690
199711
199732
199753
199774
199795
199816
199837
199858
199879
199900
199921
199942
199963
199984
200005
200026
200047
200068
200089
200110
200131
200152
200173
200194
200215
200236
200257
200278
200299
200320
200341
200362
200383
200404
200425
200446
200467
200488
200509
200530
200551
200572
200593
200614
200635
200656
200677
200698
200719
200740
200761
200782
200803
200824
200845
200866
200887
200908
200929
200950
200971
200992
201013
201034
201055
201076
201097
201118
201139
201160
201181
201202
201223
201244
201265
201286
201307
201328
201349
201370
201391
201412
201433
201454
201475
201496
201517
201538
201559
201580
201601
201622
201643
201664
201685
201706
201727
201748
201769
201790
201811
201832
201853
201874
201895
201916
201937
201958
201979
202000
202021
202042
202063
202084
202105
202126
202147
202168
202189
202210
202231
202252
202273
202294
202315
202336
202357
202378
202399
202420
202441
202462
202483
202504
202525
202546
202567
202588
202609
202630
202651
202672
202693
202714
202735
202756
202777
202798
202819
202840
202861
202882
202903
202924
202945
202966
202987
203008
203029
203050
203071
203092
203113
203134
203155
203176
203197
203218
203239
203260
203281
203302
203323
203344
203365
203386
203407
203428
203449
203470
203491
203512
203533
203554
203575
203596
203617
203638
203659
203680
203701
203722
203743
203764
203785
203806
203827
203848
203869
203890
203911
203932
203953
203974
203995
204016
204037
204058
204079
204100
204121
204142
204163
204184
204205
204226
204247
204268
204289
204310
204331
204352
204373
204394
204415
204436
204457
204478
204499
204520
204541
204562
204583
204604
204625
204646
204667
204688
204709
204730
204751
204772
204793
204814
204835
204856
204877
204898
204919
204940
204961
204982
205003
205024
205045
205066
205087
205108
205129
205150
205171
205192
205213
205234
205255
205276
205297
205318
205339
205360
205381
205402
205423
205444
205465
205486
205507
205528
205549
205570
205591
205612
205633
205654
205675
205696
205717
205738
205759
205780
205801
205822
205843
205864
205885
205906
205927
205948
205969
205990
206011
206032
206053
206074
206095
206116
206137
206158
206179
206200
206221
206242
206263
206284
206305
206326
206347
206368
206389
206410
206431
206452
206473
206494
206515
206536
206557
206578
206599
206620
206641
206662
206683
206704
206725
206746
206767
206788
206809
206830
206851
206872
206893
206914
206935
206956
206977
206998
207019
207040
207061
207082
207103
207124
207145
207166
207187
207208
207229
207250
207271
207292
207313
207334
207355
207376
207397
207418
207439
207460
207481
207502
207523
207544
207565
207586
207607
207628
207649
207670
207691
207712
207733
207754
207775
207796
207817
207838
207859
207880
207901
207922
207943
207964
207985
208006
208027
208048
208069
208090
208111
208132
208153
208174
208195
208216
208237
208258
208279
208300
208321
208342
208363
208384
208405
208426
208447
208468
208489
208510
208531
208552
208573
208594
208615
208636
208657
208678
208699
208720
208741
208762
208783
208804
208825
208846
208867
208888
208909
208930
208951
208972
208993
209014
209035
209056
209077
209098
209119
209140
209161
209182
209203
209224
209245
209266
209287
209308
209329
209350
209371
209392
209413
209434
209455
209476
209497
209518
209539
209560
209581
209602
209623
209644
209665
209686
209707
209728
209749
209770
209791
209812
209833
209854
209875
209896
209917
209938
209959
209980
210001
210022
210043
210064
210085
210106
210127
210148
210169
210190
210211
210232
210253
210274
210295
210316
210337
210358
210379
210400
210421
210442
210463
210484
210505
210526
210547
210568
210589
210610
210631
210652
210673
210694
210715
210736
210757
210778
210799
210820
210841
210862
210883
210904
210925
210946
210967
210988
211009
211030
211051
211072
211093
211114
211135
211156
211177
211198
211219
211240
211261
211282
211303
211324
211345
211366
211387
211408
211429
211450
211471
211492
211513
211534
211555
211576
211597
211618
211639
211660
211681
211702
211723
211744
211765
211786
211807
211828
211849
211870
211891
211912
211933
211954
211975
211996
212017
212038
212059
212080
212101
212122
212143
212164
212185
212206
212227
212248
212269
212290
212311
212332
212353
212374
212395
212416
212437
212458
212479
212500
212521
212542
212563
212584
212605
212626
212647
212668
212689
212710
212731
212752
212773
212794
212815
212836
212857
212878
212899
212920
212941
212962
212983
213004
213025
213046
213067
213088
213109
213130
213151
213172
213193
213214
213235
213256
213277
213298
213319
213340
213361
213382
213403
213424
213445
213466
213487
213508
213529
213550
213571
213592
213613
213634
213655
213676
213697
213718
213739
213760
213781
213802
213823
213844
213865
213886
213907
213928
213949
213970
213991
214012
214033
214054
214075
214096
214117
214138
214159
214180
214201
